-12.93842601776123
-12.93842601776123
-12.921749114990234
-12.956584930419922
-12.914385795593262
-12.922465324401855
-12.938194274902344
-12.913360595703125
-12.924072265625
-12.896068572998047
-12.896068572998047
-12.902362823486328
-12.890558242797852
-12.886622428894043
-12.861976623535156
-12.883255004882812
-12.881211280822754
-12.86279296875
-12.90478515625
-12.90478515625
-12.90130615234375
-12.868751525878906
-12.938423156738281
-12.833206176757812
-12.949163436889648
-12.906461715698242
-12.899617195129395
-12.958015441894531
-12.958015441894531
-12.886341094970703
-12.872804641723633
-12.86092758178711
-12.866195678710938
-12.877386093139648
-12.886112213134766
-12.893217086791992
-12.900555610656738
-12.900555610656738
-12.895980834960938
-12.931060791015625
-12.923578262329102
-12.899961471557617
-12.88168716430664
-12.82537841796875
-12.849007606506348
-13.051132202148438
-13.051132202148438
-13.065595626831055
-13.250109672546387
-13.531612396240234
-13.590332984924316
-13.881473541259766
-13.639915466308594
-13.985870361328125
-13.76869010925293
-13.76869010925293
-13.868005752563477
-13.894827842712402
-13.81639289855957
-13.842315673828125
-13.855239868164062
-13.885787010192871
-13.654895782470703
-13.824921607971191
-13.824921607971191
-12.97295093536377
-13.143379211425781
-12.999338150024414
-13.192670822143555
-13.003684043884277
-13.168484687805176
-13.009626388549805
-13.162294387817383
-13.162294387817383
-13.09753131866455
-13.097999572753906
-13.10108757019043
-13.102607727050781
-13.106121063232422
-13.156590461730957
-12.997262954711914
-13.173255920410156
-13.173255920410156
-13.097078323364258
-13.109878540039062
-13.105668067932129
-13.109762191772461
-13.111398696899414
-13.105425834655762
-13.120729446411133
-13.158315658569336
-13.158315658569336
-12.987212181091309
-13.120296478271484
-13.166590690612793
-12.990147590637207
-13.125600814819336
-13.128633499145508
-13.169744491577148
-12.992524147033691
-12.992524147033691
-13.119258880615234
-13.16483211517334
-12.991048812866211
-13.118671417236328
-13.128619194030762
-13.132448196411133
-13.17961597442627
-12.988636016845703
-12.988636016845703
-13.126487731933594
-13.173922538757324
-12.9850492477417
-13.122076988220215
-13.16950511932373
-12.993145942687988
-13.15524959564209
-12.99808120727539
-12.99808120727539
-13.121867179870605
-13.144859313964844
-13.053426742553711
-13.116423606872559
-13.134753227233887
-13.129777908325195
-13.115948677062988
-13.176453590393066
-13.176453590393066
-13.128547668457031
-13.133167266845703
-13.143022537231445
-13.149759292602539
-13.160881042480469
-13.04850959777832
-13.121604919433594
-13.166053771972656
-13.166053771972656
-13.173270225524902
-13.168335914611816
-13.109508514404297
-12.98358154296875
-13.270557403564453
-13.152710914611816
-13.102593421936035
-13.261724472045898
-13.261724472045898
-13.041170120239258
-13.132219314575195
-13.149185180664062
-13.157021522521973
-10.791261672973633
-3.4461967945098877
-6.1990275382995605
-13.352987289428711
-13.352987289428711
-7.233501434326172
-8.758865356445312
-1.6996299028396606
-7.905956745147705
-3.469322919845581
-4.423469066619873
-0.47953689098358154
5.644200325012207
5.644200325012207
3.612281084060669
3.0358119010925293
4.756171226501465
3.4585022926330566
3.0982980728149414
3.6131069660186768
3.7450337409973145
2.61995267868042
2.61995267868042
2.3591859340667725
3.106703758239746
2.0463178157806396
1.9397764205932617
3.6281681060791016
2.40903902053833
2.3895745277404785
2.3490138053894043
2.3490138053894043
2.3609299659729004
2.4036519527435303
3.4476728439331055
2.753748893737793
1.9752061367034912
2.0229763984680176
2.049987554550171
2.0484819412231445
2.0484819412231445
2.0681371688842773
2.084200382232666
2.1071882247924805
2.130476474761963
2.1299540996551514
2.1350412368774414
2.137899875640869
2.125810146331787
2.125810146331787
2.1168060302734375
2.138521909713745
2.172104597091675
2.1757259368896484
2.1890993118286133
2.1901283264160156
2.193859100341797
2.195791721343994
2.195791721343994
2.226231098175049
2.226656675338745
2.1878175735473633
2.222654342651367
3.2734780311584473
3.3481950759887695
4.977468490600586
3.9372615814208984
3.9372615814208984
3.301149845123291
3.348054885864258
3.3464629650115967
4.979061126708984
3.637463092803955
3.2385129928588867
2.7126026153564453
2.2061538696289062
2.2061538696289062
2.209911823272705
2.226367235183716
2.2596936225891113
2.257906198501587
2.2349774837493896
2.229851007461548
2.211764335632324
2.2025461196899414
2.2025461196899414
2.2017242908477783
2.203864097595215
3.1281654834747314
3.308363437652588
4.895402908325195
3.0885322093963623
2.759999990463257
2.7556655406951904
2.7556655406951904
2.731093406677246
2.720612049102783
2.2429239749908447
2.211334705352783
2.2182531356811523
2.223968029022217
2.2434048652648926
2.2529635429382324
2.2529635429382324
2.266702651977539
2.2678885459899902
2.2602968215942383
2.292788505554199
2.2754735946655273
2.278815746307373
2.236227512359619
2.198362350463867
2.198362350463867
2.266202449798584
2.2637197971343994
2.2733001708984375
2.2746872901916504
2.261953353881836
2.215287685394287
2.2166361808776855
2.221078634262085
2.221078634262085
2.2246994972229004
2.2126522064208984
2.208850860595703
2.2554938793182373
2.264444351196289
2.306954860687256
2.356981039047241
2.2128000259399414
2.2128000259399414
2.2007217407226562
2.254089832305908
2.279040813446045
2.2281174659729004
2.209449052810669
2.2861251831054688
2.247645854949951
2.2376818656921387
2.2376818656921387
2.2219526767730713
2.2252650260925293
2.206117630004883
2.253617763519287
2.2805652618408203
2.4133217334747314
2.2169480323791504
2.22012996673584
2.22012996673584
2.2124922275543213
2.2465896606445312
2.457845687866211
2.2111287117004395
2.233811378479004
2.2321066856384277
2.2501368522644043
2.2673540115356445
2.2673540115356445
2.2736411094665527
2.285816192626953
2.274897813796997
2.253206253051758
2.212843418121338
2.2158751487731934
2.261366605758667
2.2792141437530518
2.2792141437530518
2.278085947036743
2.2299773693084717
2.2886595726013184
2.2913894653320312
2.253101348876953
2.227120876312256
2.231884002685547
2.2789955139160156
2.2789955139160156
2.2726006507873535
2.2911195755004883
2.2592854499816895
2.2412338256835938
2.249682903289795
2.2948522567749023
2.3071584701538086
2.285656213760376
2.285656213760376
2.2689106464385986
2.284806728363037
2.318237781524658
2.2913432121276855
2.2934441566467285
2.3341901302337646
2.3043923377990723
2.290271043777466
2.290271043777466
2.3033127784729004
2.29288911819458
2.3316609859466553
2.5179443359375
2.9462528228759766
3.480128765106201
3.482837438583374
2.6733877658843994
2.6733877658843994
2.6041884422302246
2.9652113914489746
3.3165788650512695
3.3178627490997314
4.931025505065918
4.0479230880737305
3.3246991634368896
4.934656143188477
4.934656143188477
3.988849401473999
2.4144511222839355
2.289903163909912
2.3252570629119873
2.323519706726074
2.3044004440307617
2.3539390563964844
2.3550820350646973
2.3550820350646973
2.345756769180298
2.394923686981201
2.4350345134735107
2.418487548828125
2.3861045837402344
2.356098175048828
2.405730724334717
-1.0820281505584717
-1.0820281505584717
2.7954015731811523
2.8065733909606934
2.7909207344055176
2.736774444580078
2.7596092224121094
2.753319263458252
2.7748641967773438
2.7813220024108887
2.7813220024108887
2.758673906326294
2.7511849403381348
2.783144950866699
2.332367420196533
2.374608039855957
2.4115309715270996
2.4383883476257324
2.456617832183838
2.456617832183838
2.4224557876586914
2.3747611045837402
2.6571691036224365
2.719583034515381
2.672163963317871
2.6825790405273438
2.6347620487213135
2.6213622093200684
2.6213622093200684
2.616713047027588
2.273216724395752
2.334611415863037
2.3579301834106445
2.3578433990478516
2.3534646034240723
2.3418023586273193
2.35003924369812
2.35003924369812
2.3320388793945312
2.339827537536621
2.3156979084014893
2.240046501159668
2.3141393661499023
2.3199148178100586
2.3040101528167725
2.28201961517334
2.28201961517334
2.261446237564087
2.237311363220215
2.217054843902588
2.195549488067627
2.2186617851257324
2.1957290172576904
2.165581464767456
2.2439160346984863
2.2439160346984863
2.2493646144866943
2.250124454498291
2.2429165840148926
2.2385661602020264
2.280752182006836
2.276306629180908
2.2695164680480957
2.263143301010132
2.263143301010132
2.210691452026367
2.2611711025238037
2.2662277221679688
2.258941888809204
2.254760265350342
2.2398715019226074
2.227268695831299
2.2120461463928223
2.2120461463928223
2.185337543487549
2.1828808784484863
2.2055459022521973
2.2501797676086426
2.2459030151367188
2.2286205291748047
2.2185845375061035
2.2111849784851074
2.2111849784851074
2.1982407569885254
2.198183536529541
2.1868276596069336
2.1727380752563477
2.1714677810668945
2.2168705463409424
2.221177577972412
2.2070374488830566
2.2070374488830566
2.2071433067321777
2.2070248126983643
2.198936700820923
2.241323709487915
2.236414909362793
2.2462446689605713
2.287653923034668
2.2781379222869873
2.2781379222869873
2.26896595954895
2.2548680305480957
2.274357318878174
2.2541356086730957
2.2471630573272705
2.2503063678741455
-0.2885527014732361
2.116119146347046
2.116119146347046
2.1352744102478027
2.1284070014953613
2.1130805015563965
-0.384644091129303
-0.07909820973873138
-0.07871536910533905
-2.8169257640838623
3.931624412536621
3.931624412536621
-0.08988048136234283
-0.014409600757062435
-0.014348901808261871
-2.6736273765563965
4.239330291748047
4.226964950561523
4.222842216491699
4.24122953414917
4.24122953414917
4.270689964294434
4.343134880065918
1.5124744176864624
2.9293811321258545
5.001227378845215
4.274714469909668
4.289278984069824
4.302199363708496
4.302199363708496
4.324584007263184
4.396095275878906
4.343739986419678
1.3314769268035889
2.2195043563842773
5.532690048217773
4.177451133728027
4.242743968963623
4.242743968963623
4.212122917175293
4.250208854675293
4.248379230499268
4.261078357696533
4.270316123962402
-0.07030750811100006
-0.040151532739400864
-0.02319156937301159
-0.02319156937301159
-2.6815333366394043
4.189754009246826
4.147481918334961
4.116796016693115
4.140207290649414
4.258491516113281
4.324974536895752
4.252193450927734
4.252193450927734
4.178869247436523
4.138458251953125
-0.044166915118694305
1.6320033073425293
-2.1314029693603516
5.077715873718262
4.226263999938965
4.145725250244141
4.145725250244141
4.116087913513184
4.149087905883789
4.168116569519043
4.193265914916992
4.236705780029297
4.246226787567139
0.40697354078292847
-0.12268435955047607
-0.12268435955047607
-0.13583146035671234
4.271211624145508
4.140198230743408
4.096675872802734
4.008375644683838
3.9007012844085693
3.7944979667663574
3.7086172103881836
3.7086172103881836
3.654012441635132
3.633639335632324
-0.11198797821998596
-0.1638791263103485
-0.16084739565849304
-0.11101004481315613
-2.689697265625
3.910137414932251
3.910137414932251
3.7634334564208984
3.6936750411987305
3.690678596496582
3.704080581665039
3.7619595527648926
3.456235885620117
3.1522505283355713
3.0772318840026855
3.0772318840026855
3.2604503631591797
3.436250686645508
3.6239070892333984
3.795865297317505
4.118866920471191
4.535588264465332
5.836806774139404
4.597430229187012
4.597430229187012
4.600698471069336
4.598826885223389
4.592752456665039
4.591869354248047
1.9288609027862549
1.8645786046981812
2.99021577835083
1.4473867416381836
1.4473867416381836
0.16590742766857147
0.03756814822554588
0.08737506717443466
0.10860231518745422
0.029616335406899452
-0.07998352497816086
-0.33385342359542847
-2.340914726257324
-2.340914726257324
2.7603280544281006
2.941293716430664
3.658858299255371
-2.8996663093566895
5.428312301635742
3.1301472187042236
-2.0150372982025146
3.2684731483459473
3.2684731483459473
0.888482391834259
1.1717077493667603
1.2681256532669067
1.59294855594635
1.5878677368164062
-2.023031234741211
4.540304183959961
4.131594657897949
4.131594657897949
-2.368013381958008
3.498297691345215
-2.335141658782959
3.2544658184051514
-2.2198538780212402
3.7088160514831543
-2.0117897987365723
4.3524651527404785
4.3524651527404785
4.208466529846191
-1.978816032409668
4.574705123901367
1.934328556060791
2.977945327758789
0.15112896263599396
0.08938184380531311
0.03415999561548233
0.03415999561548233
0.0822991281747818
0.08849356323480606
0.07455829530954361
0.03461350128054619
0.07061780244112015
0.17901068925857544
-0.017548084259033203
-0.04675881192088127
-0.04675881192088127
-0.04598471522331238
-0.12878480553627014
-0.15147466957569122
-0.10883264243602753
0.29999399185180664
-2.221982479095459
3.660737991333008
5.393585205078125
5.393585205078125
3.912769079208374
-2.141814708709717
3.3447699546813965
-2.236420154571533
3.4517736434936523
0.9895158410072327
1.2150706052780151
1.591104507446289
1.591104507446289
1.634408950805664
1.6213243007659912
1.6072921752929688
2.8633108139038086
2.8328700065612793
2.701611042022705
2.4191088676452637
3.218860149383545
3.218860149383545
3.200993776321411
2.2822446823120117
2.30232572555542
2.315591812133789
2.408125877380371
2.8797621726989746
3.6134157180786133
3.600247859954834
3.600247859954834
3.4581961631774902
2.1981115341186523
3.1292073726654053
3.1864914894104004
3.1834158897399902
4.765872955322266
4.134759426116943
3.2428064346313477
3.2428064346313477
3.2470991611480713
3.244550943374634
4.897290229797363
4.491059303283691
4.132763862609863
4.490460395812988
4.842159271240234
4.778858184814453
4.778858184814453
4.587206840515137
3.250246047973633
3.2461695671081543
7.813414573669434
4.551004409790039
4.334068775177002
3.2926182746887207
7.887166976928711
7.887166976928711
7.201107978820801
4.171767711639404
4.858902931213379
7.188827037811279
6.674141883850098
3.9199490547180176
4.911520957946777
4.303924560546875
4.303924560546875
5.113259315490723
7.447086334228516
4.30086612701416
4.818493843078613
7.25799560546875
7.215903282165527
4.712041854858398
-0.23610487580299377
-0.23610487580299377
7.9431867599487305
6.255826950073242
3.2784857749938965
3.9538941383361816
3.9767251014709473
4.04449462890625
3.3334827423095703
4.026504039764404
4.026504039764404
2.9709525108337402
3.4514448642730713
2.9217026233673096
3.96242356300354
4.190330982208252
4.530795574188232
3.27376127243042
4.536468505859375
4.536468505859375
3.529712677001953
2.9445979595184326
2.7994918823242188
2.816957950592041
3.316068649291992
3.2928640842437744
-0.064200259745121
6.451807975769043
6.451807975769043
4.0149431228637695
7.775663375854492
4.194118499755859
4.176677703857422
3.972649574279785
4.092679977416992
7.7158331871032715
4.484118461608887
4.484118461608887
3.194045066833496
2.3941538333892822
2.877173662185669
3.200868844985962
3.398226499557495
3.583677291870117
2.7758591175079346
2.7929677963256836
2.7929677963256836
2.7509520053863525
2.941608428955078
3.1231441497802734
3.2004449367523193
3.2874231338500977
2.5132875442504883
2.5378150939941406
2.8056459426879883
2.8056459426879883
2.922724723815918
2.9629273414611816
2.9742016792297363
2.3292102813720703
2.3310184478759766
2.322772979736328
2.7795722484588623
2.922579050064087
2.922579050064087
3.014047145843506
2.5537173748016357
2.682873249053955
2.7526187896728516
2.9935922622680664
2.970428705215454
2.9666497707366943
2.472947597503662
2.472947597503662
2.54380202293396
2.50001859664917
2.8011348247528076
2.8262946605682373
2.3804373741149902
2.427420139312744
2.401724338531494
-1.1872096061706543
-1.1872096061706543
2.739027500152588
2.2529313564300537
2.3320770263671875
2.376882791519165
9.199634552001953
9.638504028320312
9.205549240112305
9.445297241210938
9.445297241210938
9.351816177368164
9.274558067321777
9.234282493591309
9.353469848632812
9.397218704223633
9.338680267333984
9.27457046508789
9.3074312210083
9.3074312210083
9.355220794677734
9.31445598602295
9.279878616333008
9.306844711303711
9.36256217956543
9.3154296875
9.270956039428711
9.325092315673828
9.325092315673828
9.3380765914917
9.30068588256836
9.186972618103027
9.295921325683594
9.325346946716309
9.27399730682373
9.244874954223633
9.281051635742188
9.281051635742188
9.317068099975586
9.275165557861328
9.236942291259766
9.308038711547852
9.31357192993164
9.256975173950195
9.235347747802734
9.257406234741211
9.257406234741211
9.302116394042969
9.231233596801758
9.258737564086914
9.252601623535156
9.296290397644043
9.202880859375
9.238359451293945
9.344898223876953
9.344898223876953
9.232810020446777
9.258856773376465
9.278411865234375
9.242463111877441
9.242923736572266
9.316884994506836
6.633848190307617
7.8464274406433105
7.8464274406433105
7.541613578796387
7.907439231872559
7.816374778747559
6.608039855957031
7.9006500244140625
7.709277629852295
6.306046485900879
7.901606559753418
7.901606559753418
7.687602996826172
6.315260887145996
6.436804294586182
7.862980842590332
6.271790504455566
7.811555862426758
7.622992992401123
7.498964309692383
7.498964309692383
8.694416046142578
13.890172004699707
-1.8354947566986084
4.790322780609131
-1.107118010520935
-1.1505571603775024
4.74069881439209
-1.1539795398712158
-1.1539795398712158
-1.2334022521972656
4.712686538696289
-1.2136054039001465
-1.2869784832000732
4.721716403961182
-1.2827035188674927
-1.2496562004089355
-1.2754478454589844
-1.2754478454589844
4.725887775421143
-2.5568156242370605
-2.8870601654052734
5.231771945953369
-3.1182103157043457
-2.0928492546081543
4.579764366149902
-1.1920297145843506
-1.1920297145843506
-1.3241610527038574
-1.464477300643921
4.662107467651367
-1.3113062381744385
-1.362924337387085
-1.3963377475738525
4.695407867431641
-2.007533550262451
-2.007533550262451
-2.523590087890625
4.715427398681641
-2.627926826477051
-2.922926664352417
-1.6726990938186646
4.525768756866455
-1.2892524003982544
-1.4771183729171753
-1.4771183729171753
-1.6647289991378784
4.643527507781982
-1.212249994277954
-1.3433680534362793
-1.3647913932800293
4.70038366317749
-2.5030598640441895
-2.4929771423339844
-2.4929771423339844
5.427372455596924
-2.710777759552002
-2.565263271331787
-1.8118059635162354
4.527324676513672
-1.3488140106201172
-1.6195471286773682
-1.8303358554840088
-1.8303358554840088
4.641084671020508
-1.4181913137435913
-1.578761339187622
-1.4961116313934326
4.7031073570251465
-2.526926279067993
-2.656632423400879
5.743679046630859
5.743679046630859
-2.681805372238159
-2.697293281555176
-2.8630599975585938
5.741959095001221
-2.830846071243286
-2.8258252143859863
-2.5063085556030273
4.8602824211120605
4.8602824211120605
-1.4415664672851562
-1.920706033706665
-2.1543757915496826
7.655352592468262
4.74000358581543
-2.214848756790161
-2.417100429534912
4.787474632263184
4.787474632263184
4.932387351989746
-2.672471284866333
-2.4713892936706543
5.776427745819092
5.663027763366699
-2.835099220275879
-2.7783265113830566
5.567257881164551
5.567257881164551
-2.8046865463256836
-2.8389670848846436
-2.6434550285339355
4.900026798248291
4.771323204040527
4.576302528381348
2.5235133171081543
2.4920454025268555
2.4920454025268555
7.554291725158691
5.251890182495117
2.563844680786133
2.585627794265747
2.5958595275878906
2.7304835319519043
2.424699068069458
0.8569579124450684
0.8569579124450684
1.3071715831756592
0.8720614910125732
0.018235385417938232
5.887457847595215
0.897820770740509
1.0029149055480957
1.3320884704589844
2.0229897499084473
2.0229897499084473
2.1637749671936035
2.110565662384033
2.1482224464416504
1.9210387468338013
2.9248111248016357
3.3634793758392334
2.1934776306152344
2.267700672149658
2.267700672149658
2.294341564178467
2.2605531215667725
2.1743955612182617
1.6283600330352783
1.3733851909637451
0.6229811906814575
0.6705037355422974
0.7506505250930786
0.7506505250930786
1.2101662158966064
0.6069406270980835
0.6904023289680481
1.3821685314178467
3.0636234283447266
3.0225400924682617
2.4693260192871094
4.245548725128174
4.245548725128174
2.521641969680786
2.5926833152770996
1.1949365139007568
0.9894164800643921
4.534497261047363
0.7324448823928833
0.9063772559165955
4.377410888671875
4.377410888671875
4.301180839538574
0.734268307685852
0.9019758701324463
4.380497455596924
4.263970375061035
0.797480583190918
0.8987026810646057
4.71608829498291
4.71608829498291
-5.872556209564209
4.609339714050293
3.590679168701172
-4.290850639343262
-4.721859931945801
-6.36614465713501
4.5186767578125
4.645044803619385
4.645044803619385
-5.441396236419678
-6.2708353996276855
-6.343963623046875
3.8533105850219727
-6.868333339691162
-8.021949768066406
-8.079466819763184
-7.8098578453063965
-7.8098578453063965
-6.681765556335449
-6.675759315490723
-6.652552127838135
3.5943970680236816
3.629817485809326
-6.8626790046691895
-6.785710334777832
-6.745182514190674
-6.745182514190674
-8.121231079101562
-8.06450080871582
-8.057126998901367
-8.034662246704102
-8.018463134765625
4.432154178619385
4.5321455001831055
-8.055952072143555
-8.055952072143555
-7.5593061447143555
-6.6018452644348145
-6.618145942687988
-6.609946250915527
-6.604316234588623
-6.596231460571289
-6.590784549713135
-6.568643093109131
-6.568643093109131
-6.55856990814209
3.6085636615753174
3.6403541564941406
3.6403238773345947
-8.080219268798828
-7.590130805969238
-8.149833679199219
-8.14086627960205
-8.14086627960205
-8.131126403808594
-8.124998092651367
-8.125726699829102
-8.129833221435547
-8.122689247131348
-8.113624572753906
-8.096456527709961
-8.09001350402832
-8.09001350402832
-8.079446792602539
-8.065752029418945
4.416491985321045
4.479277610778809
3.748650550842285
4.537911891937256
3.7606377601623535
-6.734164237976074
-6.734164237976074
-7.9572858810424805
-6.637342929840088
-7.916983604431152
-7.193051338195801
-8.141657829284668
-7.339593410491943
-8.15518569946289
-7.358181953430176
-7.358181953430176
-8.155584335327148
-7.0603928565979
-8.136497497558594
-7.084330081939697
-8.133602142333984
-6.627261161804199
-6.631488800048828
-6.482391357421875
-6.482391357421875
-6.371397972106934
-5.752290725708008
-5.873080730438232
-5.532594680786133
-5.653225898742676
-5.513195037841797
-5.598330020904541
4.168460369110107
4.168460369110107
1.8236756324768066
1.8078312873840332
1.8870532512664795
1.879251480102539
1.8678555488586426
1.8595869541168213
1.8687148094177246
1.8741650581359863
1.8741650581359863
4.532052040100098
-6.855210304260254
-6.740096092224121
-6.646437644958496
-6.611869812011719
-6.601635932922363
-6.586943626403809
-6.562716484069824
-6.562716484069824
-6.522927284240723
-6.283324718475342
-7.946547031402588
-6.102642059326172
-5.854029655456543
-5.751036643981934
-5.762190818786621
-5.716789245605469
-5.716789245605469
-5.6741461753845215
-5.6360321044921875
-5.6234283447265625
-5.706406593322754
-5.714653968811035
-5.745221138000488
-5.740994453430176
-6.1780595779418945
-6.1780595779418945
-7.958586692810059
-6.292011260986328
-6.145199775695801
-7.975764751434326
-6.154167175292969
-8.047894477844238
-5.591344356536865
-5.545730113983154
-5.545730113983154
-5.506741046905518
-5.455809593200684
-5.383716583251953
-5.150155067443848
-5.974515438079834
-5.723389148712158
-5.267829895019531
-7.2886247634887695
-7.2886247634887695
-7.80268669128418
-7.859867095947266
-5.696608543395996
-6.1615400314331055
-6.041872501373291
-7.748437404632568
-6.154012680053711
-6.198456764221191
-6.198456764221191
-7.859888076782227
-6.2032389640808105
-6.209803581237793
-6.948795318603516
-6.226457118988037
-6.276330947875977
-6.267125606536865
-6.336709022521973
-6.336709022521973
-6.345919609069824
-6.346159934997559
-6.359121322631836
-6.355169296264648
-6.359628677368164
-6.359647750854492
-6.360296726226807
-6.369848251342773
-6.369848251342773
-6.370161056518555
-6.380405426025391
-6.369140625
-6.367321014404297
-6.370142936706543
-6.370816230773926
-6.364330291748047
-6.367033958435059
-6.367033958435059
-6.3598432540893555
-6.36164665222168
-6.3485426902771
-6.34234619140625
-6.337018966674805
-6.331536769866943
-6.301277160644531
-6.273755073547363
-6.273755073547363
-6.2092719078063965
-6.023399829864502
-5.7139129638671875
3.8409862518310547
3.9803271293640137
4.193309783935547
-6.557099342346191
-6.564698219299316
-6.564698219299316
-6.598046779632568
-6.578990459442139
-6.589123725891113
-8.032590866088867
