-12.263330459594727
-12.263330459594727
-10.701654434204102
-9.21879768371582
-11.963180541992188
-12.221681594848633
-12.235342025756836
-12.209012985229492
-12.180517196655273
-12.162315368652344
-12.162315368652344
-11.967374801635742
-11.923334121704102
-11.908061981201172
-11.634635925292969
-11.479738235473633
-11.225471496582031
-11.19694709777832
-10.914013862609863
-10.914013862609863
-10.894529342651367
-10.780327796936035
-10.716758728027344
-10.582829475402832
-10.41499137878418
-10.164876937866211
-10.791714668273926
-11.214784622192383
-11.214784622192383
-11.378473281860352
-11.64967155456543
-11.884027481079102
-12.03411865234375
-12.196910858154297
-12.25729751586914
-12.236127853393555
-12.21885871887207
-12.21885871887207
-12.197627067565918
-12.182951927185059
-12.158056259155273
-11.957059860229492
-12.132574081420898
-12.139618873596191
-11.921292304992676
-11.995559692382812
-11.995559692382812
-11.774911880493164
-10.917379379272461
-12.26960563659668
-10.811561584472656
-12.261733055114746
-10.763765335083008
-12.257890701293945
-10.689092636108398
-10.689092636108398
-12.24760627746582
-10.627683639526367
-12.23818588256836
-10.570098876953125
-12.180213928222656
-10.534578323364258
-12.26712417602539
-10.481659889221191
-10.481659889221191
-12.143177032470703
-10.436721801757812
-12.264974594116211
-10.388469696044922
-12.186479568481445
-10.338004112243652
-12.265708923339844
-10.299629211425781
-10.299629211425781
-12.193977355957031
-10.255487442016602
-12.239497184753418
-10.224640846252441
-12.21399211883545
-10.18655776977539
-12.240921020507812
-10.902366638183594
-10.902366638183594
-10.180767059326172
-12.291706085205078
-10.112980842590332
-12.119524002075195
-10.08042049407959
-12.291826248168945
-10.055063247680664
-10.11994743347168
-10.11994743347168
-12.047666549682617
-10.013542175292969
-10.074777603149414
-12.298591613769531
-9.963958740234375
-12.203222274780273
-9.951445579528809
-10.025564193725586
-10.025564193725586
-10.023116111755371
-9.988188743591309
-12.160511016845703
-9.876508712768555
-9.95576286315918
-12.14018440246582
-11.022566795349121
-9.883955001831055
-9.883955001831055
-9.928585052490234
-9.915170669555664
-9.892976760864258
-9.897991180419922
-9.87802791595459
-9.854242324829102
-9.847718238830566
-9.844583511352539
-9.844583511352539
-9.834436416625977
-9.826172828674316
-9.816378593444824
-9.800390243530273
-9.802523612976074
-9.792490005493164
-8.858352661132812
-12.12228012084961
-12.12228012084961
-9.669559478759766
-9.383771896362305
-8.89815902709961
-11.132869720458984
-9.258659362792969
-10.861404418945312
-9.53048038482666
-12.05728530883789
-12.05728530883789
-8.774138450622559
-10.435489654541016
-9.35867691040039
-9.417278289794922
-12.104745864868164
-9.56540298461914
-8.857328414916992
-10.403675079345703
-10.403675079345703
-9.661657333374023
-8.930084228515625
-9.930551528930664
-9.957258224487305
-10.1411771774292
-8.878318786621094
-9.329351425170898
-9.098917007446289
-9.098917007446289
-8.895101547241211
-8.981219291687012
-9.659209251403809
-9.440302848815918
-7.227066993713379
-2.7006380558013916
-5.944000244140625
3.6889305114746094
3.6889305114746094
2.5984795093536377
3.425715923309326
1.2043722867965698
2.3785362243652344
0.9076331853866577
0.5365562438964844
0.9459940791130066
1.8170759677886963
1.8170759677886963
2.4593124389648438
1.6189398765563965
2.013091802597046
2.2244768142700195
2.1432418823242188
1.9692437648773193
1.7974040508270264
1.6483283042907715
1.6483283042907715
1.6047542095184326
1.7769455909729004
1.993730068206787
2.202327251434326
3.2113523483276367
3.3042311668395996
3.112339496612549
2.3994038105010986
2.3994038105010986
2.0512986183166504
1.9417955875396729
1.8379606008529663
2.045192241668701
2.151242256164551
2.227597236633301
2.3355274200439453
2.2374281883239746
2.2374281883239746
2.2539761066436768
3.282522201538086
3.300632953643799
3.2941606044769287
3.303656816482544
3.2973175048828125
3.298738479614258
3.300652265548706
3.300652265548706
3.1233763694763184
2.201673984527588
2.1176340579986572
2.147113800048828
2.2539703845977783
2.9568238258361816
3.3094704151153564
3.2977678775787354
3.2977678775787354
3.304297685623169
3.303483486175537
3.3056111335754395
3.3263378143310547
2.2842860221862793
2.189034938812256
2.151949882507324
2.2474584579467773
2.2474584579467773
3.2565929889678955
3.3035531044006348
3.3047947883605957
3.304799795150757
3.29449462890625
3.3010783195495605
3.298727035522461
3.3047702312469482
3.3047702312469482
3.298647403717041
3.304886817932129
3.310366153717041
3.304816246032715
3.3061304092407227
3.296332836151123
3.1324148178100586
2.6218369007110596
2.6218369007110596
2.1966724395751953
2.165170669555664
2.159317970275879
2.1612887382507324
2.207995891571045
2.2510533332824707
3.275533676147461
3.2565510272979736
3.2565510272979736
3.324824810028076
3.300877571105957
3.3190879821777344
2.3337197303771973
2.920055389404297
2.310999870300293
2.234132766723633
3.221902847290039
3.221902847290039
2.307987689971924
2.8762121200561523
3.49827241897583
2.2056894302368164
2.344304084777832
2.2354891300201416
3.2339823246002197
2.336195707321167
2.336195707321167
2.910871744155884
2.324760913848877
3.138826847076416
2.2727537155151367
2.252479076385498
4.058643341064453
3.406343936920166
2.300874948501587
2.300874948501587
2.224555253982544
2.313239574432373
3.175053119659424
3.2979202270507812
2.2733802795410156
2.265951156616211
4.1482834815979
3.2754080295562744
3.2754080295562744
3.300183057785034
3.3085012435913086
3.2983555793762207
3.2990572452545166
3.229058265686035
2.5800933837890625
2.228663444519043
2.2002367973327637
2.2002367973327637
2.2042951583862305
2.222402572631836
2.2244482040405273
2.2373440265655518
2.227473497390747
3.2421226501464844
2.615285873413086
2.3031601905822754
2.3031601905822754
2.2246108055114746
3.2159037590026855
2.4993185997009277
2.2785308361053467
2.2729740142822266
2.226165771484375
2.239712715148926
3.113255262374878
3.113255262374878
2.242297410964966
2.251304864883423
2.2467923164367676
2.2337398529052734
2.2360353469848633
3.1816282272338867
2.294951915740967
2.240762710571289
2.240762710571289
2.2369384765625
2.2704977989196777
3.09881329536438
2.203035831451416
2.234952926635742
2.243879795074463
3.295675277709961
3.317904472351074
3.317904472351074
3.3316659927368164
2.5909225940704346
2.2431044578552246
2.237360954284668
2.2246241569519043
2.235321044921875
2.2297773361206055
2.234501838684082
2.234501838684082
2.2504332065582275
2.245110034942627
2.25461483001709
2.2463831901550293
2.2478244304656982
2.277904510498047
4.60841178894043
3.1481757164001465
3.1481757164001465
2.290834903717041
2.2151904106140137
2.2620394229888916
2.339660406112671
2.347109794616699
2.7842180728912354
2.40484619140625
2.990401268005371
2.990401268005371
3.772768497467041
3.1733031272888184
2.372821569442749
2.8329100608825684
2.9476635456085205
3.0329675674438477
3.0588269233703613
3.0413990020751953
3.0413990020751953
3.026811122894287
2.9774017333984375
2.8287711143493652
2.2763137817382812
2.7516961097717285
2.131190299987793
2.1483428478240967
2.248811721801758
2.248811721801758
2.970533847808838
2.9609909057617188
2.930671215057373
2.8890957832336426
2.778695583343506
4.006110191345215
2.2369651794433594
2.231968402862549
2.231968402862549
2.304901599884033
3.1586015224456787
2.4815595149993896
2.2977006435394287
2.304412364959717
2.311913251876831
2.3360538482666016
2.6596579551696777
2.6596579551696777
2.3040270805358887
2.208779811859131
2.285508632659912
2.2568094730377197
2.256641387939453
3.3361783027648926
2.3683876991271973
2.3676276206970215
2.3676276206970215
2.3602516651153564
2.366206645965576
2.3415846824645996
2.8351669311523438
2.579159736633301
3.2436256408691406
2.1045777797698975
2.142226219177246
2.142226219177246
2.1867833137512207
2.196418285369873
2.5534729957580566
2.1197738647460938
2.0967912673950195
2.080430030822754
2.076589822769165
3.155686378479004
3.155686378479004
3.1866700649261475
3.063232183456421
3.3486690521240234
2.1224002838134766
2.1356678009033203
2.1277875900268555
2.3628945350646973
4.80582332611084
4.80582332611084
3.3526253700256348
2.14174222946167
2.1130802631378174
2.1390137672424316
2.1407434940338135
2.4980006217956543
2.62764310836792
4.7386908531188965
4.7386908531188965
2.1924829483032227
2.1336560249328613
2.157400608062744
2.158222198486328
2.1839003562927246
2.500502109527588
2.6120681762695312
3.1772308349609375
3.1772308349609375
3.162904739379883
3.1358494758605957
2.804189682006836
2.1517934799194336
2.1680209636688232
2.1458687782287598
2.1390132904052734
2.5546960830688477
2.5546960830688477
2.142601490020752
2.1498003005981445
2.15504789352417
2.150156259536743
2.1589057445526123
2.1622185707092285
2.1713058948516846
2.1734085083007812
2.1734085083007812
3.1808135509490967
2.871513605117798
2.213408946990967
2.1748149394989014
2.1399168968200684
2.172562599182129
2.6082634925842285
-0.764959454536438
-0.764959454536438
-1.3850955963134766
6.416388988494873
-1.2216122150421143
-1.662296175956726
-1.6972362995147705
4.853538990020752
4.9118547439575195
4.611346244812012
4.611346244812012
4.6980695724487305
6.67495059967041
5.284139156341553
-1.633263349533081
-1.5974410772323608
4.934127330780029
4.908823013305664
4.939123153686523
4.939123153686523
4.963212490081787
4.993839740753174
5.011953353881836
5.057418346405029
-1.2730869054794312
-1.641939640045166
4.803170204162598
4.687350749969482
4.687350749969482
4.683918476104736
4.7328643798828125
4.774270534515381
4.872405052185059
4.939164161682129
5.001861572265625
5.095300674438477
5.087216377258301
5.087216377258301
-0.41944342851638794
-1.1867667436599731
4.880457878112793
4.868802547454834
4.783044338226318
4.772895812988281
4.77210807800293
4.666322231292725
4.666322231292725
4.81711483001709
4.878334045410156
4.897332191467285
4.793323040008545
4.813365936279297
-1.2753310203552246
-1.1334376335144043
4.877712249755859
4.877712249755859
4.805222511291504
5.7531046867370605
4.301746368408203
4.364008903503418
4.550393104553223
4.463404655456543
4.584253311157227
4.8186140060424805
4.8186140060424805
4.730720043182373
4.3892107009887695
-1.2381229400634766
-1.6350386142730713
-1.6459159851074219
4.6857147216796875
4.253544807434082
4.331699371337891
4.331699371337891
4.5042924880981445
4.792375564575195
4.677431583404541
4.648306846618652
3.9600462913513184
4.441254615783691
-1.6129655838012695
-1.0966370105743408
-1.0966370105743408
4.922992706298828
4.705495834350586
4.644933700561523
4.75710391998291
4.852708339691162
4.930264472961426
4.661923408508301
4.6244282722473145
4.6244282722473145
4.708085060119629
4.725893974304199
-1.5173839330673218
-1.5602328777313232
4.745147705078125
4.697511672973633
4.731030464172363
4.816341400146484
4.816341400146484
4.978322505950928
4.657248497009277
4.662692070007324
4.701360702514648
4.482853889465332
-1.5960484743118286
-1.595489740371704
4.394979953765869
4.394979953765869
4.148241996765137
4.154230117797852
4.387228012084961
4.791974067687988
4.920270919799805
4.614696502685547
4.631077766418457
5.074361324310303
5.074361324310303
5.1606926918029785
-1.0822809934616089
-1.1170437335968018
-1.1328282356262207
-1.222984790802002
-2.617008924484253
-1.8371739387512207
3.6329925060272217
3.6329925060272217
3.9882328510284424
-1.7335755825042725
-1.697211742401123
-2.1066863536834717
-1.7615888118743896
-2.335054874420166
-1.4404293298721313
-1.3216221332550049
-1.3216221332550049
-1.2922812700271606
-1.2667121887207031
5.6527862548828125
4.283247947692871
-0.4787597954273224
-1.5147489309310913
-1.5702884197235107
-1.6115741729736328
-1.6115741729736328
-1.6122069358825684
-1.6636626720428467
-1.65410578250885
-1.4032690525054932
4.446971893310547
4.288409233093262
4.233486175537109
5.781898498535156
5.781898498535156
4.238792419433594
5.871589183807373
4.282778263092041
-1.659834861755371
-1.0959675312042236
-1.134009838104248
-1.6076290607452393
-1.6529861688613892
-1.6529861688613892
-1.6572015285491943
-1.5765845775604248
-1.3430936336517334
-1.4894604682922363
-1.6694612503051758
5.834752559661865
4.259941101074219
-1.0570566654205322
-1.0570566654205322
-1.094881534576416
-1.102703332901001
-1.106892466545105
-1.1189786195755005
-1.1236541271209717
4.280538082122803
4.1822509765625
4.170699119567871
4.170699119567871
4.189662933349609
4.204014301300049
4.199177265167236
4.208395957946777
4.215288162231445
5.72634220123291
4.5822954177856445
4.630438804626465
4.630438804626465
-0.9834889769554138
-0.8207225799560547
-1.4105896949768066
4.339371681213379
5.723041534423828
4.422689437866211
4.232086181640625
4.239289283752441
4.239289283752441
4.240128040313721
5.593595027923584
5.434942245483398
5.248217582702637
4.217230796813965
5.625071048736572
5.526928901672363
4.994540214538574
4.994540214538574
5.64365816116333
5.567599296569824
4.7661333084106445
-1.6915568113327026
-1.7206072807312012
-0.5974525213241577
3.0428104400634766
3.0721278190612793
3.0721278190612793
3.194453239440918
3.1925559043884277
3.210709810256958
3.2271575927734375
7.602658748626709
0.8055301904678345
0.8510869741439819
7.400287628173828
7.400287628173828
0.8114917278289795
0.790097713470459
0.5717344284057617
-0.35302308201789856
2.169609308242798
2.4936881065368652
6.15688419342041
-0.8873540163040161
-0.8873540163040161
4.377409934997559
8.519350051879883
0.7249479293823242
0.8958779573440552
7.4348955154418945
-0.6624338626861572
1.6695855855941772
0.9099798798561096
0.9099798798561096
2.873586893081665
2.9997501373291016
0.13857167959213257
0.36168593168258667
0.34509187936782837
7.409750938415527
0.8288525342941284
0.7811336517333984
0.7811336517333984
0.8269200325012207
-0.7111940383911133
2.081052303314209
2.310042142868042
-0.35424163937568665
0.13497167825698853
-0.45803627371788025
3.023404836654663
3.023404836654663
2.8572030067443848
0.17211806774139404
0.5343561172485352
-0.05837543308734894
6.0065460205078125
-0.7915198802947998
-0.29329991340637207
-0.28183433413505554
-0.28183433413505554
-0.515147864818573
7.403875350952148
-0.17674098908901215
-0.8015999794006348
-0.6823671460151672
-0.5373665690422058
2.1239867210388184
2.2253828048706055
2.2253828048706055
-1.0698328018188477
-0.6336661577224731
-0.5295706987380981
2.121098279953003
2.5540356636047363
-0.7759703397750854
-0.7154427766799927
-0.10851618647575378
-0.10851618647575378
-0.12810423970222473
2.154452323913574
3.0624499320983887
0.6656081676483154
0.8077651262283325
0.6724658012390137
0.17871084809303284
2.419559955596924
2.419559955596924
2.2893967628479004
-1.1822559833526611
-0.7009130120277405
-0.37218695878982544
-0.4884105324745178
2.138840675354004
2.1814064979553223
-0.29497355222702026
-0.29497355222702026
-0.8820092678070068
-0.8631269931793213
2.120914936065674
3.0340442657470703
-1.1776247024536133
-1.0081450939178467
-0.9773075580596924
2.12086820602417
2.12086820602417
2.179079055786133
-1.3492588996887207
-1.115720272064209
-1.225301742553711
2.1149237155914307
2.605247974395752
-0.07709395885467529
0.030192028731107712
0.030192028731107712
-1.1323952674865723
2.0595123767852783
2.1202621459960938
-1.3287348747253418
-1.1747486591339111
-0.3936379551887512
7.450985908508301
-0.9638654589653015
-0.9638654589653015
-0.9847073554992676
-0.9269591569900513
2.0522308349609375
2.9809350967407227
-0.4092230200767517
-1.0833373069763184
2.088193893432617
2.0743355751037598
2.0743355751037598
2.0483052730560303
6.1277899742126465
2.296358823776245
2.358783006668091
2.269347667694092
2.186281681060791
2.121716260910034
2.1577539443969727
2.1577539443969727
2.115013599395752
2.0569982528686523
3.128188133239746
2.670443534851074
2.1032602787017822
2.1080753803253174
2.1540608406066895
2.134193181991577
2.134193181991577
2.1025149822235107
2.1010031700134277
2.1172585487365723
2.1638412475585938
2.4811649322509766
2.076957941055298
3.0291409492492676
2.660660982131958
2.660660982131958
2.4011566638946533
3.3032565116882324
3.544890880584717
2.795952558517456
2.165249824523926
2.6988158226013184
2.1345691680908203
2.0890777111053467
2.0890777111053467
2.0731210708618164
2.072584629058838
2.1756978034973145
3.134410858154297
2.7366232872009277
2.179560661315918
2.175898313522339
2.045930862426758
2.045930862426758
2.1102840900421143
3.0179944038391113
2.6306142807006836
-1.187936782836914
4.917036533355713
-1.0954838991165161
4.695816993713379
4.7457685470581055
4.7457685470581055
-1.3037922382354736
4.9386444091796875
4.898881435394287
-0.39181023836135864
4.909176349639893
4.747772216796875
-1.7630517482757568
4.595770835876465
4.595770835876465
4.530303001403809
-1.2568923234939575
4.48576021194458
6.069544792175293
4.557910919189453
-1.0615639686584473
4.461054801940918
5.961695671081543
5.961695671081543
-1.1813836097717285
4.304121494293213
4.379239082336426
-1.066195011138916
4.350209712982178
4.535524845123291
-1.0504522323608398
4.838473320007324
4.838473320007324
4.615550994873047
-1.6859784126281738
4.552728652954102
4.572911262512207
-1.145585536956787
4.460969924926758
4.57343053817749
6.054840087890625
6.054840087890625
-1.092531681060791
4.309340476989746
4.361656188964844
-1.0230337381362915
4.354044437408447
4.467931270599365
-1.6971571445465088
4.422520637512207
4.422520637512207
4.488635540008545
-1.3585665225982666
4.8355512619018555
4.987137794494629
4.615670204162598
-1.083127498626709
4.316967964172363
4.30224609375
4.30224609375
4.311158180236816
-1.0882248878479004
4.298980236053467
4.699550628662109
-1.6606101989746094
4.456596374511719
4.17106819152832
4.9236650466918945
4.9236650466918945
-0.316521018743515
4.444337844848633
4.419914245605469
4.368860244750977
-1.0589184761047363
4.323721408843994
4.254741668701172
4.2521209716796875
4.2521209716796875
-1.0615195035934448
4.31816291809082
4.255556106567383
4.289644241333008
-1.0646021366119385
4.2993316650390625
4.282402515411377
4.557731628417969
4.557731628417969
-1.2281594276428223
4.251923561096191
4.082972526550293
4.636166572570801
-0.2273029088973999
4.521018028259277
4.407313823699951
4.371301651000977
4.371301651000977
-1.0547606945037842
4.275824546813965
4.256827354431152
4.339054107666016
-1.0649874210357666
4.305859565734863
4.246462821960449
5.919112205505371
5.919112205505371
-1.494608759880066
4.292728424072266
3.112109422683716
3.557422399520874
-2.029935836791992
4.525697708129883
4.395524978637695
4.437110900878906
4.437110900878906
-1.0635833740234375
4.31584358215332
5.770190238952637
4.422029495239258
-1.0679492950439453
4.493029594421387
3.187652111053467
1.6603447198867798
1.6603447198867798
3.1644530296325684
3.356079578399658
3.362886905670166
3.265298843383789
4.690471649169922
-1.2048308849334717
-1.2852001190185547
-1.3423025608062744
-1.3423025608062744
-1.392382025718689
-0.7016627192497253
-0.7208163738250732
-1.4634649753570557
-1.43503737449646
-1.4174569845199585
4.240457534790039
2.936858654022217
2.936858654022217
2.8902368545532227
4.488100051879883
3.1017613410949707
3.0336737632751465
4.421929836273193
2.250533103942871
3.2502057552337646
3.900101900100708
3.900101900100708
3.6522703170776367
4.422318458557129
4.595633506774902
4.214971542358398
4.000854015350342
3.4714887142181396
4.720411777496338
3.9675683975219727
3.9675683975219727
4.314582347869873
4.283734321594238
4.6398749351501465
4.149740219116211
3.494027614593506
4.346813201904297
4.572951793670654
4.254159927368164
4.254159927368164
3.971881866455078
2.897366523742676
4.601666450500488
4.012657165527344
2.9781651496887207
2.928274631500244
4.115623950958252
3.9823904037475586
3.9823904037475586
4.589678764343262
4.382635593414307
4.345107078552246
4.616524696350098
4.368377685546875
4.3032636642456055
4.3554301261901855
4.638052940368652
4.638052940368652
4.35113525390625
4.106637001037598
7.426145553588867
4.253279209136963
3.230642080307007
7.590180397033691
0.7405909299850464
7.339855194091797
7.339855194091797
0.7595272064208984
0.6904980540275574
10.567477226257324
0.7256807088851929
0.7060672044754028
0.7249809503555298
10.768808364868164
0.7225893139839172
0.7225893139839172
0.7032586336135864
10.622030258178711
0.7149237394332886
0.7520672678947449
7.34555721282959
0.7391923666000366
0.7372381687164307
7.331911087036133
7.331911087036133
0.7403435707092285
0.7683473229408264
7.344784736633301
0.7375239133834839
0.7815440893173218
7.339176177978516
0.7285542488098145
0.7642852663993835
0.7642852663993835
7.343362808227539
0.7241065502166748
0.7962145805358887
7.341744899749756
0.7430620789527893
0.811901330947876
7.340997695922852
0.7091275453567505
0.7091275453567505
0.775848388671875
10.693442344665527
0.7080056071281433
0.7885750532150269
10.503803253173828
0.7105939388275146
0.7947049140930176
10.652772903442383
10.652772903442383
0.74477219581604
0.8082983493804932
7.341376304626465
0.7706709504127502
0.8320869207382202
7.3622050285339355
0.7726327180862427
7.364780902862549
7.364780902862549
0.7794696092605591
7.35451602935791
0.7838535308837891
7.35673713684082
0.7792977094650269
7.361964225769043
0.7760746479034424
7.356452941894531
7.356452941894531
0.7748477458953857
7.389791965484619
0.7291915416717529
7.33754825592041
0.7907923460006714
7.354408264160156
0.806961178779602
7.345635414123535
7.345635414123535
0.8054118156433105
7.400777816772461
0.7671436071395874
7.395719528198242
0.755644679069519
3.046133518218994
0.8243950009346008
0.8601552248001099
0.8601552248001099
7.344454765319824
0.8164938688278198
7.350780487060547
0.810442328453064
6.620573043823242
4.209214687347412
7.090335845947266
-9.463409423828125
-9.463409423828125
-11.911144256591797
-12.611019134521484
-8.971923828125
-11.74824047088623
-11.615374565124512
-14.827134132385254
-14.350051879882812
-11.858405113220215
-11.858405113220215
-8.851018905639648
-8.87118148803711
-11.745302200317383
-11.555634498596191
-11.53437328338623
-8.965082168579102
-9.041624069213867
-8.995925903320312
-8.995925903320312
-9.010503768920898
-11.829051971435547
-11.646430969238281
-11.65072250366211
-11.654515266418457
-11.66419792175293
-8.986333847045898
-9.006109237670898
-9.006109237670898
-9.060905456542969
-9.00369644165039
-9.0235595703125
-11.836042404174805
-11.64433479309082
-11.66332721710205
-11.668291091918945
-11.664899826049805
-11.664899826049805
-11.668074607849121
-11.673307418823242
-8.993843078613281
-9.01254653930664
-9.016225814819336
-9.011747360229492
-9.004146575927734
-9.014078140258789
-9.014078140258789
-9.021240234375
-9.017115592956543
-11.837275505065918
-11.648670196533203
-11.670668601989746
-11.676483154296875
-11.678175926208496
-11.684087753295898
-11.684087753295898
-11.673296928405762
-14.514381408691406
-11.61221981048584
-12.468252182006836
-8.998196601867676
-9.00942611694336
-9.052684783935547
-8.999515533447266
-8.999515533447266
-9.01010513305664
-9.005562782287598
-9.008952140808105
-9.010302543640137
-9.06127643585205
-9.000784873962402
-9.011054039001465
-9.007932662963867
-9.007932662963867
-9.004249572753906
-9.019248962402344
-9.015739440917969
-9.014383316040039
-11.823810577392578
-11.613580703735352
-11.632709503173828
-11.62993049621582
-11.62993049621582
-11.625371932983398
-11.624658584594727
-11.638479232788086
-11.647459030151367
-11.644144058227539
-11.644948959350586
-11.65064811706543
-11.661548614501953
-11.661548614501953
-11.661359786987305
-11.66944694519043
-11.672361373901367
-11.667988777160645
-11.671001434326172
-11.67431640625
-11.662738800048828
-11.663301467895508
-11.663301467895508
-11.668027877807617
-11.670278549194336
-11.66828727722168
-11.660772323608398
-11.661800384521484
-11.669490814208984
-11.670047760009766
-11.664763450622559
-11.664763450622559
-11.665750503540039
-11.668099403381348
-11.668420791625977
-11.662858963012695
-11.665196418762207
-9.039329528808594
-8.978904724121094
-8.994232177734375
-8.994232177734375
-8.986443519592285
-8.99649715423584
-8.997886657714844
-8.989770889282227
-8.993350982666016
-8.982449531555176
-8.983552932739258
-8.986156463623047
-8.986156463623047
-8.985519409179688
-8.987552642822266
-8.98742389678955
-8.987390518188477
-8.985613822937012
-8.98880386352539
-8.985490798950195
-8.985942840576172
-8.985942840576172
-8.97996711730957
-9.029342651367188
-9.02301025390625
-9.019779205322266
-8.973003387451172
-8.988656997680664
-9.030778884887695
-8.973119735717773
-8.973119735717773
-8.989080429077148
-8.984748840332031
-8.975530624389648
-8.97546672821045
-8.978264808654785
-8.981307983398438
-8.979586601257324
-8.974491119384766
-8.974491119384766
-8.96066665649414
-8.957048416137695
-8.933126449584961
-8.931018829345703
-8.931066513061523
-8.922221183776855
-8.927289962768555
-8.923290252685547
-8.923290252685547
-8.915821075439453
-8.912618637084961
-8.893479347229004
-8.889484405517578
-8.872580528259277
-12.242083549499512
-13.119260787963867
-13.096112251281738
-13.096112251281738
-13.092903137207031
-13.094548225402832
-13.069144248962402
-13.05527114868164
-13.018333435058594
-13.002546310424805
-12.984931945800781
-15.092111587524414
-15.092111587524414
-14.207659721374512
-11.217767715454102
-11.25014591217041
-11.24749755859375
-11.233388900756836
-11.228715896606445
-11.20583724975586
-11.199867248535156
-11.199867248535156
-11.184346199035645
-11.178284645080566
-11.153165817260742
-11.14831256866455
-11.139129638671875
-11.131095886230469
-11.117229461669922
-11.108850479125977
-11.108850479125977
-12.303884506225586
-12.329519271850586
-12.582088470458984
-12.506001472473145
-12.55441665649414
-12.573062896728516
-12.587152481079102
-12.751431465148926
-12.751431465148926
-12.758684158325195
-12.731086730957031
-15.160696029663086
-14.072919845581055
-11.260309219360352
-11.293413162231445
-11.282567977905273
-11.270858764648438
-11.270858764648438
-11.255243301391602
-11.249649047851562
-11.234161376953125
-11.219888687133789
-11.210321426391602
-11.201452255249023
-11.187015533447266
-11.179132461547852
-11.179132461547852
-11.15880012512207
-11.145805358886719
-14.852550506591797
-12.195772171020508
-12.691709518432617
-12.663931846618652
-12.630777359008789
-12.651533126831055
-12.651533126831055
-12.66940689086914
-12.675586700439453
-12.769449234008789
-12.763517379760742
-12.756942749023438
-15.168485641479492
-13.941786766052246
-11.3141450881958
-11.3141450881958
-11.269546508789062
-11.273731231689453
-11.268950462341309
-11.259881973266602
-11.249646186828613
-11.226827621459961
-11.221902847290039
-11.212641716003418
-11.212641716003418
-11.196256637573242
-11.181047439575195
-11.167725563049316
-8.635906219482422
-8.661666870117188
-12.353374481201172
-12.603105545043945
-12.742633819580078
-12.742633819580078
-12.76492691040039
-12.746984481811523
-12.774103164672852
-12.776623725891113
-12.771713256835938
-12.767048835754395
-12.757793426513672
-12.760245323181152
-12.760245323181152
-12.747440338134766
-12.739336013793945
-15.162361145019531
-13.757848739624023
-11.259401321411133
-11.286151885986328
-11.274808883666992
-11.270766258239746
-11.270766258239746
-11.254654884338379
-11.23796272277832
-11.243852615356445
-11.226815223693848
-11.216403007507324
-11.202804565429688
-11.190658569335938
-11.17770004272461
-11.17770004272461
-11.164934158325195
-11.16303825378418
-11.143035888671875
-11.13939094543457
-11.132648468017578
-11.118072509765625
-11.112184524536133
-11.09862232208252
-11.09862232208252
-11.085519790649414
-11.083929061889648
-14.743328094482422
-14.138805389404297
-14.759628295898438
-14.612691879272461
-14.682096481323242
-14.637591361999512
-14.637591361999512
-14.662066459655762
-14.659815788269043
-14.679464340209961
-14.655183792114258
-14.610570907592773
-14.629915237426758
-14.61859130859375
-14.630102157592773
-14.630102157592773
-14.621472358703613
-14.626456260681152
-14.623210906982422
-14.622405052185059
-14.616602897644043
-15.190591812133789
-13.623085975646973
-11.319619178771973
-11.319619178771973
-11.34892463684082
-11.33198070526123
-11.321564674377441
-11.31083869934082
-11.294166564941406
-11.280187606811523
-11.27092170715332
-11.253223419189453
-11.253223419189453
-11.246915817260742
-11.244575500488281
-11.230413436889648
-11.203855514526367
-11.195734024047852
-11.192188262939453
-11.175896644592285
-11.163854598999023
-11.163854598999023
-11.156071662902832
-11.142538070678711
-11.133321762084961
-14.716676712036133
-14.24930191040039
-14.519886016845703
-10.940715789794922
-14.553947448730469
-14.553947448730469
-11.794357299804688
-9.896990776062012
-8.892257690429688
-9.065253257751465
-10.626060485839844
-8.90109920501709
-8.83729362487793
-10.264812469482422
-10.264812469482422
-8.755221366882324
-10.621328353881836
-8.54107666015625
-9.508577346801758
-8.6651611328125
-10.453832626342773
-8.481548309326172
-8.46519660949707
-8.46519660949707
-8.83735466003418
-10.45971393585205
-9.97195816040039
-9.99778938293457
-9.884904861450195
-9.878782272338867
-10.073616027832031
-10.104168891906738
-10.104168891906738
-10.061237335205078
-9.96336841583252
-9.869804382324219
-10.13975715637207
-10.193513870239258
-10.13405990600586
-10.109460830688477
-10.084695816040039
-10.084695816040039
-10.041683197021484
-10.074468612670898
-10.063138008117676
-10.056182861328125
-10.08525562286377
-10.078571319580078
-11.317096710205078
-11.357505798339844
-11.357505798339844
-11.296832084655762
-11.259607315063477
-11.293919563293457
-11.336507797241211
-11.278289794921875
-11.27021598815918
-11.18950366973877
-11.135976791381836
-11.135976791381836
-11.047662734985352
-10.644248008728027
-9.295865058898926
-9.428722381591797
-11.701330184936523
-11.485296249389648
-11.052604675292969
-9.216226577758789
-9.216226577758789
-11.308666229248047
-13.829544067382812
-16.8347110748291
-1.855499267578125
-1.8445920944213867
-1.855705738067627
-1.856260061264038
-1.8557133674621582
-1.8557133674621582
-1.84451425075531
-1.855541706085205
-1.8563528060913086
-1.8563405275344849
-1.8783156871795654
-1.8857240676879883
-1.6353095769882202
-1.645193338394165
-1.645193338394165
-1.7455039024353027
-1.9101731777191162
-3.377051591873169
-1.9001014232635498
-1.879826307296753
-1.684831976890564
-1.6912754774093628
-1.6936976909637451
-1.6936976909637451
-1.869661808013916
-1.909599781036377
-3.335785388946533
-1.9136948585510254
-3.324218273162842
-1.8684090375900269
-1.8327884674072266
-1.812767744064331
-1.812767744064331
-1.6362340450286865
-1.6418418884277344
-1.7655231952667236
-1.7731752395629883
-1.7598459720611572
-1.6108434200286865
-1.6608874797821045
-1.619173288345337
-1.619173288345337
-1.8065614700317383
-3.1388180255889893
-1.7404210567474365
-1.7753593921661377
-1.770691990852356
-1.76390540599823
-1.764435052871704
-1.762532353401184
-1.762532353401184
-1.7632614374160767
-1.7610695362091064
-1.753333330154419
-1.7420775890350342
-1.6465137004852295
-10.247552871704102
-2.887739658355713
-9.540050506591797
-9.540050506591797
-3.106292724609375
-1.6866497993469238
-1.7419551610946655
-1.732072353363037
-1.7354768514633179
-1.7344303131103516
-1.7364226579666138
-1.7336201667785645
-1.7336201667785645
-1.7315726280212402
-1.7308218479156494
-2.040626049041748
-11.74812126159668
-2.5857419967651367
-9.451162338256836
-1.7330212593078613
-2.8015217781066895
-2.8015217781066895
-9.458732604980469
-1.737189531326294
-2.9994983673095703
-2.3880836963653564
-1.7494256496429443
-1.7552733421325684
-1.76780104637146
-1.7680821418762207
-1.7680821418762207
-1.761793613433838
-1.7689181566238403
-1.7724931240081787
-1.7713459730148315
-1.752411961555481
-1.7658121585845947
-1.758560061454773
-1.7665963172912598
-1.7665963172912598
-1.7611852884292603
-1.7591040134429932
-1.7702622413635254
-1.7696367502212524
-1.7682571411132812
-1.7515850067138672
-3.0453805923461914
-1.9552130699157715
-1.9552130699157715
-1.7621917724609375
-1.7603344917297363
-1.7560901641845703
-1.745718002319336
-1.7555625438690186
-1.7559685707092285
-2.24965763092041
-1.7591962814331055
-1.7591962814331055
-1.7544102668762207
-1.7620807886123657
-1.751011848449707
-1.7609531879425049
-1.714827537536621
-1.7590715885162354
-1.758386254310608
-1.7573883533477783
-1.7573883533477783
-1.7559010982513428
-1.7534914016723633
-1.752230167388916
-1.750901699066162
