-11.267600059509277
-11.267600059509277
-9.678421020507812
-10.748248100280762
-11.258537292480469
-11.253338813781738
-11.257766723632812
-11.251853942871094
-11.247437477111816
-11.240243911743164
-11.240243911743164
-11.228018760681152
-11.233072280883789
-11.208788871765137
-11.20100212097168
-11.164360046386719
-11.134557723999023
-11.107223510742188
-11.072427749633789
-11.072427749633789
-11.043560981750488
-11.002676010131836
-10.92193603515625
-10.869077682495117
-10.815861701965332
-10.666229248046875
-10.628765106201172
-10.328648567199707
-10.328648567199707
-10.164665222167969
-9.913715362548828
-9.297246932983398
-8.173044204711914
-7.898285865783691
-8.000360488891602
-9.12671184539795
-8.404821395874023
-8.404821395874023
-9.119223594665527
-9.538713455200195
-7.894116401672363
-9.98786735534668
-7.960631370544434
-10.672432899475098
-8.185810089111328
-11.24950885772705
-11.24950885772705
-7.797515869140625
-11.00049877166748
-7.969473838806152
-10.87139892578125
-7.801365852355957
-10.260375022888184
-8.121307373046875
-8.719635963439941
-8.719635963439941
-8.470199584960938
-8.31039047241211
-8.050555229187012
-8.424474716186523
-7.989179611206055
-7.987333297729492
-8.045244216918945
-8.172225952148438
-8.172225952148438
-7.940211296081543
-7.9997124671936035
-7.969325065612793
-7.937435150146484
-8.007059097290039
-7.914699554443359
-7.976640701293945
-7.981167793273926
-7.981167793273926
-7.921883583068848
-7.982625961303711
-7.984362602233887
-8.071229934692383
-8.052278518676758
-8.186052322387695
-8.388788223266602
-8.444655418395996
-8.444655418395996
-8.819461822509766
-9.378456115722656
-8.9666109085083
-9.349038124084473
-9.357210159301758
-9.103804588317871
-9.220799446105957
-9.208592414855957
-9.208592414855957
-9.0128812789917
-9.236087799072266
-9.257234573364258
-9.235273361206055
-9.226251602172852
-9.402628898620605
-9.505711555480957
-9.369568824768066
-9.369568824768066
-9.23348331451416
-9.399767875671387
-9.510692596435547
-9.126304626464844
-9.389435768127441
-9.207148551940918
-9.139213562011719
-9.218923568725586
-9.218923568725586
-8.976715087890625
-8.715381622314453
-9.009654998779297
-8.896105766296387
-8.715919494628906
-8.626921653747559
-8.587743759155273
-8.512833595275879
-8.512833595275879
-8.32634162902832
-8.317626953125
-8.255335807800293
-8.309123039245605
-8.328933715820312
-8.218147277832031
-8.191596984863281
-8.170058250427246
-8.170058250427246
-8.132495880126953
-8.083477020263672
-8.082180976867676
-8.08846664428711
-8.079201698303223
-8.081741333007812
-8.052776336669922
-8.065871238708496
-8.065871238708496
-8.050922393798828
-8.055375099182129
-8.00706958770752
-7.98983097076416
-7.987354278564453
-8.022833824157715
-7.901521682739258
-7.966447353363037
-7.966447353363037
-7.9753098487854
-7.973962783813477
-7.952823162078857
-7.955201625823975
-7.951693534851074
-7.938469409942627
-7.951547622680664
-7.959061622619629
-7.959061622619629
-7.951825141906738
-7.940345764160156
-7.931641101837158
-7.925646781921387
-7.922351837158203
-7.939697265625
-7.931422710418701
-7.92092227935791
-7.92092227935791
-7.919543743133545
-7.920722961425781
-7.908771514892578
-7.907986640930176
-7.9108428955078125
-7.909568786621094
-7.913257598876953
-7.910256862640381
-7.910256862640381
-7.905525207519531
-7.908868789672852
-7.910643577575684
-7.912604331970215
-7.922774791717529
-7.915707588195801
-7.912076950073242
-7.9608869552612305
-7.9608869552612305
-7.99305534362793
-7.940247058868408
-7.947931289672852
-7.949575424194336
-7.943071365356445
-7.947044372558594
-7.946434020996094
-7.942409038543701
-7.942409038543701
-7.9445648193359375
-7.939541339874268
-7.945539951324463
-7.9347686767578125
-7.942914009094238
-7.93717098236084
-7.933127403259277
-7.931118011474609
-7.931118011474609
-7.933873176574707
-7.932532787322998
-7.931933403015137
-7.927886009216309
-7.928333282470703
-7.927679538726807
-7.923542499542236
-7.927385330200195
-7.927385330200195
-7.968035697937012
-7.9049482345581055
-7.924436569213867
-7.9249725341796875
-7.927491188049316
-7.923789978027344
-7.920638084411621
-7.925358295440674
-7.925358295440674
-7.9212846755981445
-7.927350997924805
-7.928786277770996
-7.9233598709106445
-7.924205303192139
-7.919517993927002
-7.92166805267334
-7.918857574462891
-7.918857574462891
-7.923975944519043
-7.913309097290039
-7.917787075042725
-7.915656089782715
-7.909029006958008
-7.956331253051758
-7.90008020401001
-7.915492057800293
-7.915492057800293
-7.91327428817749
-7.911646842956543
-7.9129486083984375
-7.9114484786987305
-7.910645484924316
-7.912540435791016
-7.911921977996826
-7.909361839294434
-7.909361839294434
-7.910193920135498
-7.91307258605957
-7.912238121032715
-7.9151763916015625
-7.911295413970947
-7.907934188842773
-7.910816192626953
-7.916457176208496
-7.916457176208496
-7.911078929901123
-7.911450386047363
-7.907233238220215
-7.9143853187561035
-7.910851955413818
-7.907745361328125
-7.9055585861206055
-7.9113664627075195
-7.9113664627075195
-7.905670166015625
-7.915390968322754
-7.910647392272949
-7.905435085296631
-7.910062789916992
-7.908865928649902
-7.904223442077637
-7.909672737121582
-7.909672737121582
-7.905884742736816
-7.907145977020264
-7.907517433166504
-7.911783218383789
-7.912802696228027
-7.90254020690918
-7.908670902252197
-7.908965110778809
-7.908965110778809
-7.902464866638184
-7.903594970703125
-7.913829803466797
-7.906732559204102
-7.907251358032227
-7.909363746643066
-7.909243583679199
-7.908655166625977
-7.908655166625977
-7.909567832946777
-7.913058280944824
-7.906558990478516
-7.907448768615723
-7.912930965423584
-7.908127784729004
-7.91029167175293
-7.907495498657227
-7.907495498657227
-7.950065612792969
-7.893327713012695
-7.908150672912598
-7.909717559814453
-7.948470115661621
-7.894295692443848
-7.908681392669678
-7.909710884094238
-7.909710884094238
-7.908547401428223
-7.908702850341797
-7.906370162963867
-7.90531063079834
-7.910334587097168
-7.91121768951416
-7.914015293121338
-7.908918380737305
-7.908918380737305
-7.90568733215332
-7.912100791931152
-7.908732891082764
-7.905852317810059
-7.904706001281738
-7.908209800720215
-7.9107537269592285
-7.904913902282715
-7.904913902282715
-7.914121627807617
-7.911812782287598
-7.908858299255371
-7.907134056091309
-7.912103652954102
-7.905557632446289
-7.907635688781738
-7.910402297973633
-7.910402297973633
-7.906623363494873
-7.913102149963379
-7.909963607788086
-7.912558078765869
-7.912179946899414
-7.9046149253845215
-7.904696464538574
-7.912219047546387
-7.912219047546387
-7.911623001098633
-7.9043989181518555
-7.9110188484191895
-7.907099723815918
-7.910224914550781
-7.908127784729004
-7.907099723815918
-7.908727645874023
-7.908727645874023
-7.9108357429504395
-7.908020973205566
-7.9081854820251465
-7.903453826904297
-7.909215927124023
-7.909764289855957
-7.90938138961792
-7.907959938049316
-7.907959938049316
-7.906912803649902
-7.911499500274658
-7.90578556060791
-7.9068098068237305
-7.9087233543396
-7.9113616943359375
-7.909197807312012
-7.950488567352295
-7.950488567352295
-8.29470443725586
-7.937903881072998
-7.892574310302734
-7.911001205444336
-7.856598377227783
-7.76817512512207
-11.409116744995117
-7.817196846008301
-7.817196846008301
-7.769733428955078
-11.413354873657227
-7.812688827514648
-7.7703070640563965
-11.40927505493164
-7.811064720153809
-7.773489475250244
-11.405908584594727
-11.405908584594727
-7.817281723022461
-7.778973579406738
-11.403953552246094
-7.82080078125
-7.784222602844238
-11.388202667236328
-7.828175067901611
-7.79661226272583
-7.79661226272583
-11.386693954467773
-7.824621200561523
-7.794292449951172
-11.378179550170898
-7.829446792602539
-7.789030075073242
-11.392251968383789
-7.820979595184326
-7.820979595184326
-7.781155109405518
-11.394975662231445
-7.821709632873535
-7.791709899902344
-11.142843246459961
-10.053354263305664
-7.784342288970947
-11.166784286499023
-11.166784286499023
-10.829326629638672
-11.304620742797852
-10.775430679321289
-11.016923904418945
-11.076810836791992
-11.243534088134766
-10.711929321289062
-11.021673202514648
-11.021673202514648
-11.074361801147461
-11.226968765258789
-10.68610954284668
-11.041261672973633
-11.069008827209473
-11.234630584716797
-10.761954307556152
-11.048063278198242
-11.048063278198242
-11.05744457244873
-11.220638275146484
-10.662750244140625
-10.986027717590332
-11.057268142700195
-11.224103927612305
-10.618122100830078
-10.955424308776855
-10.955424308776855
-11.056687355041504
-11.21516227722168
-10.55592155456543
-10.897130966186523
-11.05479907989502
-11.203420639038086
-10.459268569946289
-10.800115585327148
-10.800115585327148
-11.069711685180664
-11.204185485839844
-10.440656661987305
-10.790266036987305
-11.071938514709473
-11.194236755371094
-10.425966262817383
-10.7778959274292
-10.7778959274292
-11.069942474365234
-5.248038291931152
-5.248038291931152
-4.558554649353027
-5.214081764221191
-5.067983627319336
-5.17658805847168
-5.158631324768066
-5.224208831787109
-5.157279014587402
-5.164690017700195
-5.164690017700195
-4.994795322418213
-5.049742221832275
-4.968886375427246
-4.863162040710449
-4.973252296447754
-4.941949367523193
-4.827271461486816
-4.936114311218262
-4.936114311218262
-4.788496971130371
-4.790304660797119
-4.846712112426758
-3.4304656982421875
-4.951296806335449
-4.719673156738281
-3.479738473892212
-4.972292423248291
-4.972292423248291
-4.603798866271973
-5.148168563842773
-5.13651704788208
-4.464909553527832
-5.136911392211914
-5.109827995300293
-5.100492477416992
-4.5297441482543945
-4.5297441482543945
-5.123741626739502
-4.143447399139404
-5.120607376098633
-5.092893123626709
-5.094522476196289
-5.075407981872559
-5.053709983825684
-4.4225664138793945
-4.4225664138793945
-5.073854923248291
-5.056985855102539
-4.333737373352051
-5.059114933013916
-5.043126106262207
-4.1451568603515625
-5.046175956726074
-5.025967597961426
-5.025967597961426
-5.021618843078613
-5.017284870147705
-5.012774467468262
-5.011198997497559
-5.014261245727539
-4.262421607971191
-5.0129289627075195
-4.9911041259765625
-4.9911041259765625
-4.978751182556152
-4.966004371643066
-4.992053508758545
-4.976868629455566
-4.985194683074951
-4.962893486022949
-4.959916114807129
-4.949039936065674
-4.949039936065674
-4.950206756591797
-4.945966720581055
-4.944647789001465
-4.9467291831970215
-4.940959930419922
-4.947523593902588
-4.484689712524414
-4.933568954467773
-4.933568954467773
-4.929687023162842
-4.935405731201172
-4.927214622497559
-4.904013633728027
-4.914826393127441
-4.91262149810791
-4.90842866897583
-4.907146453857422
-4.907146453857422
-4.910167694091797
-4.892406463623047
-4.892083644866943
-4.886640548706055
-4.906404495239258
-4.900671482086182
-4.889401912689209
-4.8858642578125
-4.8858642578125
-4.902240753173828
-4.905556678771973
-4.880620956420898
-4.882197380065918
-4.887042045593262
-4.864112854003906
-4.880278587341309
-4.876819610595703
-4.876819610595703
-4.874706268310547
-4.861772060394287
-4.869626998901367
-4.862033843994141
-4.860292911529541
-4.866594314575195
-4.854611873626709
-4.866395473480225
-4.866395473480225
-4.865013122558594
-4.863429069519043
-4.851832389831543
-4.870270729064941
-4.861745357513428
-4.857314109802246
-4.861598968505859
-4.847560882568359
-4.847560882568359
-4.838169097900391
-4.84403657913208
-4.852203369140625
-4.849327087402344
-4.843634128570557
-4.835317611694336
-4.856411933898926
-4.843127250671387
-4.843127250671387
-4.838729381561279
-4.833418846130371
-4.836159706115723
-4.840733528137207
-4.839405059814453
-4.828107833862305
-4.828701019287109
-4.846714019775391
-4.846714019775391
-4.831121444702148
-4.85781192779541
-5.050567626953125
-4.833780288696289
-4.834958076477051
-4.83499813079834
-4.829848289489746
-4.83215856552124
-4.83215856552124
-4.829400062561035
-4.829843997955322
-4.826488494873047
-4.835916042327881
-4.817826747894287
-4.817775726318359
-4.831820011138916
-4.839102745056152
-4.839102745056152
-4.825648307800293
-4.814806938171387
-4.814753532409668
-4.817854881286621
-4.819287300109863
-4.8110504150390625
-4.825925827026367
-4.818918228149414
-4.818918228149414
-4.81484317779541
-4.8258771896362305
-4.820915222167969
-4.819725036621094
-4.81205415725708
-4.818525314331055
-4.820162773132324
-4.811586380004883
-4.811586380004883
-4.820920467376709
-4.817281246185303
-4.833207130432129
-4.810681343078613
-4.826261520385742
-4.804713249206543
-4.820147514343262
-4.820473670959473
-4.820473670959473
-4.815548896789551
-4.81912899017334
-4.832423210144043
-4.803475379943848
-4.816906929016113
-4.804841995239258
-4.830811500549316
-5.166775703430176
-5.166775703430176
-4.819851398468018
-4.83465051651001
-5.1172685623168945
-4.807040214538574
-4.801814556121826
-4.8000006675720215
-4.815610885620117
-4.811087608337402
-4.811087608337402
-4.795135974884033
-4.805698394775391
-4.795106410980225
-4.743320465087891
-4.66732120513916
-4.943687438964844
-5.162086486816406
-4.778372764587402
-4.778372764587402
-4.718057632446289
-4.6569929122924805
-4.979517936706543
-5.236889839172363
-4.79090690612793
-4.745345115661621
-4.921734809875488
-5.250429153442383
-5.250429153442383
-4.7931413650512695
-4.7504777908325195
-4.9547319412231445
-5.199007034301758
-4.834327697753906
-4.7889909744262695
-4.749021530151367
-4.699970722198486
-4.699970722198486
-5.060748100280762
-4.768343925476074
-4.711800575256348
-4.664880275726318
-4.800821304321289
-5.1055731773376465
-4.767054557800293
-4.717314720153809
-4.717314720153809
-4.6787495613098145
-4.7565202713012695
-5.130969047546387
-4.7652587890625
-4.70594596862793
-4.367819786071777
-4.690666198730469
-5.236370086669922
-5.236370086669922
-4.81742525100708
-4.7668561935424805
-4.81527853012085
-5.244609355926514
-4.809261798858643
-4.756675720214844
-4.928637504577637
-5.236001968383789
-5.236001968383789
-4.816042423248291
-4.753071308135986
-4.848142623901367
-5.242742538452148
-4.818010330200195
-4.773789405822754
-4.649033069610596
-4.9206132888793945
-4.9206132888793945
-5.12430477142334
-4.7687273025512695
-4.705158233642578
-4.672456741333008
-4.521746635437012
-4.815694808959961
-4.778289794921875
-4.70706844329834
-4.70706844329834
-4.673494815826416
-4.546483516693115
-4.829370498657227
-4.763011932373047
-4.700462818145752
-4.668798446655273
-4.701193809509277
-4.699403762817383
-4.699403762817383
-4.783829689025879
-4.983769416809082
-4.674739837646484
-4.705057621002197
-4.515442848205566
-4.750118255615234
-4.719616889953613
-4.676577568054199
-4.676577568054199
-4.708745002746582
-4.642330169677734
-4.756301403045654
-4.7271223068237305
-4.678897857666016
-4.692590713500977
-4.497844696044922
-4.7595367431640625
-4.7595367431640625
-4.722881317138672
-4.674828052520752
-4.70404052734375
-4.7123212814331055
-4.768807411193848
-4.7121381759643555
-10.110404968261719
-10.110404968261719
-8.6502685546875
-8.739870071411133
-10.05647087097168
-10.07061767578125
-10.113049507141113
-10.06076717376709
-10.085195541381836
-10.07137680053711
-10.07137680053711
-10.080930709838867
-15.064400672912598
-5.920022964477539
-5.889901161193848
-5.783699989318848
-5.727628707885742
-5.66148567199707
-5.544255256652832
-5.544255256652832
-5.445914268493652
-5.297741889953613
-5.11494255065918
-5.914531707763672
-5.240429401397705
-4.733991622924805
-4.170351982116699
-4.253537654876709
-4.253537654876709
-4.165427207946777
-3.987393856048584
-4.416655540466309
-4.520313262939453
-5.066461563110352
-5.526213645935059
-5.921459674835205
-6.067476272583008
-6.067476272583008
-6.078840255737305
-6.117762088775635
-6.138741493225098
-6.123241424560547
-6.121577739715576
-6.146610736846924
-6.145528316497803
-6.139788627624512
-6.139788627624512
-6.120850563049316
-6.128157615661621
-6.138908386230469
-5.895257949829102
-6.136106491088867
-1.2160826921463013
-1.0375375747680664
-1.0834503173828125
-1.0834503173828125
-1.085920810699463
-1.0622451305389404
-1.0476644039154053
-1.0063436031341553
-0.9026097059249878
-0.7187536954879761
-0.7130061388015747
-0.7273886203765869
-0.7273886203765869
-0.7152754664421082
-1.0732946395874023
-0.7081331610679626
-1.0895884037017822
-0.7160172462463379
-1.021831750869751
-0.7043157815933228
-0.9557252526283264
-0.9557252526283264
-1.0647990703582764
-0.9305253028869629
-0.9622992277145386
-1.061571717262268
-1.065181016921997
-0.8668476343154907
-0.7017257213592529
-0.8156625032424927
-0.8156625032424927
-0.7895071506500244
-0.7758855223655701
-0.836145281791687
-0.8474271893501282
-0.8442966938018799
-0.96330726146698
-0.796445369720459
-0.9580146074295044
-0.9580146074295044
-0.878442645072937
-0.9808154106140137
-0.8227425813674927
-1.061383843421936
-0.7008872032165527
-1.0151777267456055
-0.7052271962165833
-1.042563557624817
-1.042563557624817
-0.6878201961517334
-0.9760825634002686
-0.7409752607345581
-1.0704631805419922
-0.6426255106925964
-0.8078551292419434
-1.0462985038757324
-0.6434884667396545
-0.6434884667396545
-0.7742035984992981
-1.048593282699585
-0.639310359954834
-0.7388182878494263
-0.9541983604431152
-0.6694373488426208
-0.7242426872253418
-0.8599911332130432
-0.8599911332130432
-0.7963728904724121
-0.8723417520523071
-0.7618178725242615
-0.7659593820571899
-0.7744429707527161
-0.7804087400436401
-0.7277166247367859
-0.698173463344574
-0.698173463344574
-0.6777302026748657
-0.6604510545730591
-0.6560418605804443
-0.6597270369529724
-0.6511073112487793
-0.6577537059783936
-0.6525406837463379
-0.6486372947692871
-0.6486372947692871
-0.6557352542877197
-0.6651208400726318
-0.6546758413314819
-0.6547607183456421
-0.6595942974090576
-0.6556545495986938
-0.665453314781189
-0.6604950428009033
-0.6604950428009033
-0.6579309701919556
-0.6647021770477295
-0.6619793176651001
-0.6663296222686768
-0.6668716669082642
-0.6736267805099487
-0.706344485282898
-0.7428700923919678
-0.7428700923919678
-0.8543842434883118
-0.6664519309997559
-0.6648622155189514
-0.6658948659896851
-0.6591616868972778
-0.6587215662002563
-0.6659303307533264
-0.6661043763160706
-0.6661043763160706
-0.6609413623809814
-0.6642466187477112
-0.6742472052574158
-0.6688843965530396
-0.6618887186050415
-0.6705007553100586
-0.6707286834716797
-0.6665385961532593
-0.6665385961532593
-0.6649096012115479
-0.6746917963027954
-0.66411954164505
-0.661736011505127
-0.6586300134658813
-0.665542483329773
-0.6677390933036804
-0.6612789630889893
-0.6612789630889893
-0.6686321496963501
-0.6601671576499939
-0.6640058755874634
-0.6724042892456055
-0.6673086881637573
-0.6564829349517822
-0.6685308218002319
-0.6621618270874023
-0.6621618270874023
-0.6694520711898804
-0.6636260747909546
-0.6678277254104614
-0.6648808717727661
-0.6610050201416016
-0.6585131287574768
-0.6636344194412231
-0.6615854501724243
-0.6615854501724243
-0.6530047655105591
-0.6664212942123413
-0.6644022464752197
-0.6550238132476807
-0.6737140417098999
-0.6619232296943665
-0.6652355194091797
-0.6656637191772461
-0.6656637191772461
-0.6708587408065796
-0.660335898399353
-0.6626052260398865
-0.6615382432937622
-0.6702057123184204
-0.6582603454589844
-0.6587411761283875
-0.6548783779144287
-0.6548783779144287
-0.6694262623786926
-0.6596737504005432
-0.6661355495452881
-0.6603935956954956
-0.6535698175430298
-0.6627606153488159
-0.6586301922798157
-0.6618894338607788
-0.6618894338607788
-0.6677470803260803
-0.6629225015640259
-0.6598311066627502
-0.6506543159484863
-0.6620696783065796
-0.6636892557144165
-0.6569383144378662
-0.6649504899978638
-0.6649504899978638
-0.6532958745956421
-0.653897762298584
-0.6549994349479675
-0.6602594256401062
-0.6646270751953125
-0.6601259708404541
-0.6642438173294067
-0.6520155668258667
-0.6520155668258667
-0.6512642502784729
-0.6530354619026184
-0.6639485955238342
-0.6576998233795166
-0.6597530841827393
-0.6574405431747437
-0.6585941314697266
-0.6578054428100586
-0.6578054428100586
-0.6595099568367004
-0.6522965431213379
-0.6623543500900269
-0.6608849167823792
-0.6586912870407104
-0.6646088361740112
-0.653260350227356
-0.6615607738494873
-0.6615607738494873
-0.6548673510551453
-0.6593707799911499
-0.6600220203399658
-0.6510313749313354
-0.6531001329421997
-0.658165454864502
-0.6621254682540894
-0.6573818325996399
-0.6573818325996399
-0.6545137166976929
-0.6512143015861511
-0.6518496870994568
-0.6601220965385437
-0.6616645455360413
-0.6641590595245361
-0.6586378812789917
-0.650012731552124
-0.650012731552124
-0.6507208347320557
-0.6559582948684692
-0.6462422013282776
-0.6609586477279663
-0.652621865272522
-0.6603599786758423
-0.6629043817520142
-0.6571791172027588
-0.6571791172027588
-0.653157651424408
-0.6585367918014526
-0.6561399698257446
-0.6548662781715393
-0.6589265465736389
-0.658004641532898
-0.6562871932983398
-0.6518596410751343
-0.6518596410751343
-0.6558433771133423
-0.6587530374526978
-0.6589999794960022
-0.6539086699485779
-0.6569544076919556
-0.6535218954086304
-0.653659462928772
-0.6562047600746155
-0.6562047600746155
-0.657494068145752
-0.6521512269973755
-0.6488127708435059
-0.6561192274093628
-0.6579259634017944
-0.6636903285980225
-0.6559104323387146
-0.6564450860023499
-0.6564450860023499
-0.6495050191879272
-0.6481736898422241
-0.6599141359329224
-0.652954638004303
-0.6585964560508728
-0.6640900373458862
-0.6554951667785645
-0.6519156098365784
-0.6519156098365784
-0.6525782346725464
-0.6528695821762085
-0.6515814065933228
-0.6641864776611328
-0.653526782989502
-0.6600148677825928
-0.6555922627449036
-0.6548508405685425
-0.6548508405685425
-0.6586028337478638
-0.6606920957565308
-0.6501563787460327
-0.6559028625488281
-0.6566541790962219
-0.6610590219497681
-0.6557657718658447
-0.6551620960235596
-0.6551620960235596
-0.6587004065513611
-0.6534152030944824
-0.6534216403961182
-0.6612907648086548
-0.6041283011436462
2.415390968322754
-1.8269144296646118
2.1909165382385254
2.1909165382385254
2.2644362449645996
-1.893472671508789
-1.882524013519287
2.201780319213867
-1.947896957397461
-1.8182921409606934
-1.846329927444458
2.204437732696533
2.204437732696533
-1.9380908012390137
-1.8035964965820312
-1.8441050052642822
2.2143330574035645
-1.9213818311691284
-1.8028993606567383
-1.8412270545959473
2.215146780014038
2.215146780014038
-1.9214503765106201
-1.7960925102233887
-1.821605920791626
2.215024948120117
-1.9282230138778687
-1.8025625944137573
-1.8090498447418213
2.216141700744629
2.216141700744629
2.3109123706817627
-1.8785274028778076
-1.80708646774292
-1.8401215076446533
2.218031883239746
2.315673828125
-1.8781718015670776
-1.8059601783752441
-1.8059601783752441
-1.8477740287780762
2.211002826690674
2.2761337757110596
-1.8780479431152344
-1.8044829368591309
-1.8363240957260132
2.2139668464660645
2.3235089778900146
2.3235089778900146
-1.8720691204071045
-1.805750846862793
-1.8247311115264893
2.206900119781494
2.2945408821105957
-1.8674206733703613
-1.8039710521697998
-1.8245652914047241
-1.8245652914047241
2.205324649810791
2.290742874145508
-1.870004415512085
-1.7997632026672363
-1.824314832687378
2.204681873321533
-1.9183783531188965
-1.7849489450454712
-1.7849489450454712
-1.7981868982315063
-1.8197367191314697
2.2125487327575684
2.278940439224243
-1.8775379657745361
-1.7985141277313232
-1.7978841066360474
2.2052435874938965
2.2052435874938965
2.287757396697998
-1.8795114755630493
-1.8018324375152588
-1.7959092855453491
2.2076852321624756
2.2912886142730713
-1.875514030456543
-1.7984604835510254
-1.7984604835510254
-1.7936363220214844
2.2096989154815674
2.2820770740509033
-1.8811516761779785
-1.793074369430542
-1.7978492975234985
2.2081551551818848
2.2859432697296143
2.2859432697296143
-1.8834917545318604
-1.798522710800171
-1.795239806175232
2.21138334274292
2.288872718811035
-1.8946328163146973
-1.7939105033874512
-1.7911462783813477
-1.7911462783813477
2.2117183208465576
2.288743019104004
-1.8821196556091309
-1.787414789199829
-1.79939866065979
2.216879367828369
2.29075288772583
-1.8853681087493896
-1.8853681087493896
-1.7883965969085693
-1.791224718093872
2.2252328395843506
2.2787320613861084
2.3337795734405518
-1.8741753101348877
-1.7930028438568115
2.217928171157837
2.217928171157837
2.279606580734253
2.335026264190674
-1.8733458518981934
-1.7884883880615234
2.2024872303009033
2.3008055686950684
2.335444927215576
-1.8696770668029785
-1.8696770668029785
-1.7817301750183105
2.221926212310791
2.3078393936157227
2.332237720489502
-1.875389575958252
-1.7787697315216064
2.2029409408569336
2.2889108657836914
2.2889108657836914
-1.8856303691864014
-1.7885158061981201
-1.7839186191558838
2.206681251525879
2.2846016883850098
2.3325247764587402
-1.8691380023956299
-1.7720017433166504
-1.7720017433166504
2.21433162689209
2.301555633544922
-1.8795592784881592
-1.7835376262664795
-1.7699060440063477
2.215432643890381
2.3004109859466553
2.3304443359375
2.3304443359375
-1.869488000869751
-1.761045217514038
2.2155590057373047
2.292438268661499
2.3540730476379395
-1.8703117370605469
-1.7667489051818848
2.2187063694000244
2.2187063694000244
2.310617685317993
-1.8672199249267578
-1.7685282230377197
-1.764294147491455
2.211176872253418
2.299969434738159
2.3236083984375
-1.8692618608474731
-1.8692618608474731
-1.7749848365783691
2.2109670639038086
2.3024258613586426
2.3433609008789062
-1.8483753204345703
-1.7406580448150635
2.208491325378418
2.289267063140869
2.289267063140869
2.3424441814422607
-1.8753249645233154
-1.755515456199646
2.2053236961364746
2.2925801277160645
-1.8761571645736694
-1.761268973350525
-1.7639755010604858
-1.7639755010604858
2.207366704940796
2.2932305335998535
-1.869499921798706
-1.7705886363983154
-1.7606714963912964
2.2255520820617676
2.293013572692871
2.3213939666748047
2.3213939666748047
-1.875780463218689
-1.7546110153198242
2.2075624465942383
2.287379741668701
2.337125301361084
-1.852654218673706
-1.7462737560272217
2.212369203567505
2.212369203567505
2.3127493858337402
2.323284149169922
-1.867678165435791
-1.7531983852386475
2.206911087036133
2.3084065914154053
2.337838649749756
-1.8497155904769897
-1.8497155904769897
-1.7448639869689941
2.2048888206481934
2.3005871772766113
-1.8783454895019531
-1.7636256217956543
-1.7642934322357178
2.2060329914093018
2.3027100563049316
2.3027100563049316
-1.8741097450256348
-1.7691527605056763
-1.767341136932373
2.208895206451416
2.299628496170044
2.3313536643981934
2.3521783351898193
-1.8205780982971191
-1.8205780982971191
2.2088286876678467
2.313325881958008
2.332146167755127
2.3529205322265625
-1.8275785446166992
2.2077465057373047
2.2982707023620605
2.3457746505737305
2.3457746505737305
-1.8588929176330566
-1.739448070526123
2.204343318939209
2.2976832389831543
2.344053268432617
-1.8430628776550293
-1.7443089485168457
2.2040820121765137
2.2040820121765137
2.29061222076416
-1.873870611190796
-1.7688806056976318
-1.7610198259353638
2.2139761447906494
2.295319080352783
2.3278393745422363
2.3499374389648438
2.3499374389648438
-1.8283874988555908
2.2093307971954346
2.2999048233032227
2.3362491130828857
2.34596586227417
-1.8216571807861328
2.2075443267822266
2.303989887237549
2.303989887237549
2.3383548259735107
2.347212314605713
-1.8249534368515015
2.2084262371063232
2.307882785797119
2.3383290767669678
-1.8471523523330688
-1.736975908279419
-1.736975908279419
2.2099032402038574
2.297569751739502
-1.8764474391937256
-1.7711451053619385
-1.766762137413025
2.215765953063965
2.298243999481201
-1.878467082977295
-1.878467082977295
-1.7622960805892944
-1.763052225112915
2.2078616619110107
2.2940077781677246
-1.8719587326049805
-1.7680790424346924
-1.7681366205215454
2.2050909996032715
2.2050909996032715
2.2877795696258545
2.338388442993164
2.3433804512023926
-1.8185291290283203
2.209728240966797
2.3025126457214355
-13.153331756591797
-13.153331756591797
-10.90443229675293
-10.101165771484375
-13.1289701461792
-11.191713333129883
-12.052169799804688
-11.721253395080566
-13.225776672363281
-11.756587982177734
-11.756587982177734
-13.155888557434082
-12.012117385864258
-12.153305053710938
-12.918374061584473
-12.42780876159668
-12.643149375915527
-12.808130264282227
-12.210798263549805
-12.210798263549805
-13.204188346862793
-12.52895736694336
-12.82595443725586
-12.847131729125977
-12.992446899414062
-12.9403715133667
-11.33975601196289
-13.131437301635742
-13.131437301635742
-10.08074951171875
-12.446094512939453
-13.150039672851562
-13.161482810974121
-8.861127853393555
-12.495166778564453
-12.963223457336426
-8.643743515014648
-8.643743515014648
-12.552215576171875
-12.836645126342773
-8.68889045715332
-12.01509952545166
-12.916337013244629
-8.578994750976562
-12.188604354858398
-12.300006866455078
-12.300006866455078
-12.231897354125977
-11.831454277038574
-12.526192665100098
-11.711685180664062
-12.324725151062012
-11.687820434570312
-12.475374221801758
-11.398664474487305
-11.398664474487305
-12.563797950744629
-11.060745239257812
-9.406756401062012
-12.837271690368652
-12.347677230834961
-10.33152961730957
-9.438261032104492
-11.021951675415039
-11.021951675415039
-8.986862182617188
-10.886703491210938
-13.255146026611328
-10.75729751586914
-8.804655075073242
-10.86609172821045
-8.765954971313477
-10.806532859802246
-10.806532859802246
-8.731624603271484
-10.732492446899414
-8.683645248413086
-10.677395820617676
-8.685783386230469
-10.659658432006836
-8.670443534851074
-10.61408805847168
-10.61408805847168
-8.756796836853027
-10.559538841247559
-8.783287048339844
-10.546003341674805
-8.68172836303711
-10.482844352722168
-10.37025260925293
-10.425589561462402
-10.425589561462402
-8.853357315063477
-10.373224258422852
-10.336363792419434
-10.347173690795898
-10.304882049560547
-10.29588508605957
-10.24522590637207
-10.28282356262207
-10.28282356262207
-10.272150993347168
-8.736560821533203
-10.259481430053711
-10.203298568725586
-10.157369613647461
-10.154023170471191
-10.177433013916016
-10.141291618347168
-10.141291618347168
-10.133861541748047
-10.08078384399414
-10.13121223449707
-10.056219100952148
-10.064449310302734
-10.049654960632324
-10.071540832519531
-10.051138877868652
-10.051138877868652
-9.990656852722168
-9.996037483215332
-10.020783424377441
-9.949344635009766
-9.962248802185059
-9.95432186126709
-9.987812995910645
-9.921476364135742
-9.921476364135742
-9.902658462524414
-12.079376220703125
-9.805851936340332
-12.100812911987305
-9.813127517700195
-9.898650169372559
-9.858663558959961
-11.150693893432617
-11.150693893432617
-10.068832397460938
-9.817548751831055
-9.999395370483398
-10.253290176391602
-8.72060775756836
-8.735905647277832
-8.757108688354492
-8.808259963989258
-8.808259963989258
-8.751815795898438
-8.793691635131836
-8.795452117919922
-8.789188385009766
-8.750001907348633
-8.729846954345703
-8.790435791015625
-8.813349723815918
-8.813349723815918
-8.831684112548828
-8.828582763671875
-8.886030197143555
-9.177250862121582
-8.978660583496094
-10.668681144714355
-12.310998916625977
-9.617990493774414
-9.617990493774414
-9.73914909362793
-9.752323150634766
-9.773372650146484
-9.770954132080078
-9.76613998413086
-9.727133750915527
-9.764618873596191
-9.745892524719238
-9.745892524719238
-9.755399703979492
-6.749822616577148
-0.24904584884643555
0.822332501411438
1.0077900886535645
1.030900001525879
2.0880303382873535
1.339803695678711
1.339803695678711
1.4687423706054688
1.4616066217422485
1.4446518421173096
1.2319059371948242
1.2385449409484863
1.3779189586639404
1.5638067722320557
2.4320790767669678
2.4320790767669678
2.44036602973938
1.437021017074585
1.3551713228225708
1.4075508117675781
1.498856782913208
1.5620346069335938
1.6167628765106201
1.5341997146606445
1.5341997146606445
1.5284959077835083
1.6086747646331787
2.4552268981933594
1.4732508659362793
2.4230313301086426
2.4521970748901367
2.4482550621032715
2.462402820587158
2.462402820587158
2.4523611068725586
2.451180934906006
2.413341760635376
1.632188320159912
1.510002613067627
1.5102670192718506
1.604965329170227
2.454246997833252
2.454246997833252
2.443422555923462
2.442087173461914
2.4571890830993652
2.4535088539123535
2.4560084342956543
2.457749366760254
2.4545998573303223
2.444033622741699
2.444033622741699
2.4502973556518555
2.45229172706604
2.453902244567871
2.141793727874756
1.6171824932098389
1.581019401550293
1.5947730541229248
1.5667369365692139
1.5667369365692139
1.5775957107543945
2.108071804046631
2.2839436531066895
2.302309036254883
1.6314029693603516
2.4416887760162354
1.656383752822876
1.5857579708099365
1.5857579708099365
2.2585196495056152
2.454533815383911
2.4667186737060547
2.398465156555176
1.5962128639221191
2.3101744651794434
2.4575202465057373
2.46018648147583
2.46018648147583
2.4268879890441895
1.6153395175933838
1.6157656908035278
2.4613232612609863
2.45955228805542
2.4355762004852295
1.6261229515075684
1.6230860948562622
1.6230860948562622
2.4550399780273438
2.4573302268981934
1.6432490348815918
1.5943784713745117
1.6204571723937988
2.468189001083374
2.459578275680542
2.457345962524414
2.457345962524414
2.4600911140441895
2.45707368850708
1.645946741104126
2.111100673675537
2.3998870849609375
1.6008672714233398
2.2992982864379883
2.3739380836486816
2.3739380836486816
2.4343204498291016
2.439828872680664
1.5948002338409424
1.6014041900634766
2.4014663696289062
2.4611170291900635
2.4685845375061035
2.4575510025024414
2.4575510025024414
2.464242458343506
2.4153614044189453
1.5847837924957275
1.5987093448638916
1.624099850654602
2.4673447608947754
2.4534428119659424
2.4687905311584473
2.4687905311584473
2.469592571258545
2.457660675048828
2.464294195175171
2.0075364112854004
1.6073684692382812
1.587906837463379
1.595402717590332
2.0851054191589355
2.0851054191589355
2.455411434173584
2.4665098190307617
2.458123207092285
2.4615914821624756
2.4583191871643066
2.472235679626465
2.465012550354004
1.6588401794433594
1.6588401794433594
1.5936391353607178
1.620612382888794
2.471992015838623
2.4692845344543457
2.460177421569824
2.4598820209503174
1.660659670829773
1.6036968231201172
1.6036968231201172
1.6159489154815674
2.460477828979492
2.4735376834869385
2.449180841445923
1.6216301918029785
1.6106245517730713
1.6212036609649658
2.472757577896118
2.472757577896118
1.664849042892456
1.6253490447998047
1.5998878479003906
1.8141942024230957
2.459780693054199
2.418868064880371
1.659426212310791
1.6140155792236328
1.6140155792236328
1.6169792413711548
2.45664644241333
2.464597225189209
2.4602346420288086
2.4578380584716797
2.2268612384796143
1.6209404468536377
1.6192981004714966
1.6192981004714966
1.617281436920166
1.6152969598770142
1.619940996170044
1.6137480735778809
1.6316838264465332
2.4676713943481445
2.4548630714416504
2.4764621257781982
2.4764621257781982
1.768818736076355
2.1011807918548584
1.7326698303222656
2.296757698059082
2.3724403381347656
5.166164398193359
5.107276439666748
4.559460639953613
4.559460639953613
4.458918571472168
4.270220756530762
7.607223033905029
-0.45701414346694946
4.315974235534668
5.131153106689453
5.1748504638671875
5.177097797393799
5.177097797393799
5.218050956726074
5.230414390563965
5.263009071350098
5.272368431091309
5.264195919036865
4.105129718780518
1.6499426364898682
1.6150068044662476
1.6150068044662476
2.110422134399414
2.184478282928467
2.1736130714416504
4.545621871948242
1.794621467590332
1.7882306575775146
1.7835955619812012
2.389709949493408
2.389709949493408
2.444617748260498
2.414696216583252
5.1694793701171875
4.798606872558594
4.046982765197754
1.7498228549957275
1.778298020362854
2.3876969814300537
2.3876969814300537
1.5948108434677124
1.6711657047271729
1.8051846027374268
4.858038425445557
4.002226829528809
1.7938059568405151
1.7850475311279297
2.2914633750915527
2.2914633750915527
2.4076600074768066
4.842133522033691
4.073057174682617
4.0784759521484375
4.719982624053955
4.858118057250977
2.3486034870147705
1.771290898323059
1.771290898323059
1.703216791152954
2.2704267501831055
2.3114371299743652
2.2852659225463867
2.246405839920044
5.084157943725586
2.5348424911499023
2.3601789474487305
2.3601789474487305
1.6944913864135742
1.6711747646331787
1.7673187255859375
2.0823616981506348
2.1458728313446045
5.100312232971191
2.5511741638183594
2.4992480278015137
2.4992480278015137
2.279873847961426
1.6695101261138916
1.6404608488082886
1.6369907855987549
1.880076289176941
1.9724862575531006
2.4156978130340576
2.372251272201538
2.372251272201538
2.2805538177490234
1.5962307453155518
1.577479600906372
1.6016979217529297
1.6040687561035156
1.6024160385131836
1.5975546836853027
2.412972927093506
2.412972927093506
1.629297137260437
1.6065702438354492
1.5951586961746216
1.5988130569458008
1.6134315729141235
1.611119031906128
1.6070998907089233
1.6043593883514404
1.6043593883514404
1.5901434421539307
1.6042835712432861
1.7852647304534912
1.5936298370361328
1.594893455505371
1.9699242115020752
2.163114547729492
2.122673749923706
2.122673749923706
1.946244239807129
1.6329185962677002
1.6162950992584229
2.4198319911956787
2.378934621810913
1.6224429607391357
1.5699000358581543
2.1686339378356934
2.1686339378356934
0.5149118900299072
-0.6485165357589722
-0.7008976340293884
-0.9851948022842407
-0.9097752571105957
-0.6456180214881897
4.956648349761963
-0.4660177230834961
-0.4660177230834961
-0.6111894845962524
-1.0671082735061646
-1.0014764070510864
-0.6380232572555542
4.576805114746094
4.40880012512207
4.285996437072754
4.310693740844727
4.310693740844727
4.282288074493408
4.251750946044922
-0.398205041885376
-0.8423056602478027
-1.0871520042419434
5.008459091186523
5.188368797302246
5.399874210357666
5.399874210357666
4.846496105194092
4.7074127197265625
4.780734539031982
4.811525344848633
4.900178909301758
5.395825386047363
5.5970354080200195
-0.35378000140190125
-0.35378000140190125
-0.8017871379852295
5.5621018409729
5.39068603515625
5.588620185852051
4.520544052124023
4.651850700378418
5.453876495361328
5.423734188079834
5.423734188079834
5.497111797332764
4.674799919128418
4.6850996017456055
5.555342674255371
5.31439208984375
5.077637672424316
4.325852394104004
-0.4192696213722229
-0.4192696213722229
-0.4675617814064026
-0.9656015634536743
-1.0979487895965576
5.398115158081055
4.28283166885376
4.052534580230713
4.063958168029785
5.084348678588867
5.084348678588867
4.679622650146484
4.28035831451416
4.417082786560059
-0.32766830921173096
-0.3253381550312042
4.518255233764648
5.302609443664551
5.163271427154541
5.163271427154541
5.56032133102417
4.78250789642334
4.423266410827637
4.373696327209473
4.338478088378906
4.438000679016113
4.935419082641602
5.049831867218018
5.049831867218018
5.181087493896484
-0.285432368516922
-0.814691424369812
-0.8510853052139282
5.64156436920166
5.217075347900391
4.913145065307617
4.735587120056152
4.735587120056152
5.115828037261963
5.177813529968262
5.127038955688477
5.199987411499023
5.35505485534668
0.19264738261699677
0.1396390199661255
-0.8064804673194885
-0.8064804673194885
5.575153350830078
5.6058502197265625
5.388911247253418
5.343303680419922
5.495901107788086
5.233868598937988
5.192019462585449
5.324656009674072
5.324656009674072
5.4558515548706055
-0.8059232234954834
-0.8357359170913696
-0.8580721020698547
5.572134971618652
5.138037204742432
4.676541328430176
4.552709579467773
4.552709579467773
4.516472816467285
4.664806365966797
4.815438747406006
4.637407302856445
5.44727897644043
0.27055037021636963
0.22409670054912567
-0.5130073428153992
-0.5130073428153992
-0.38040292263031006
4.553497314453125
4.295748710632324
4.301017761230469
4.300680160522461
4.312172889709473
4.376603126525879
4.570335865020752
4.570335865020752
4.437149524688721
4.322110176086426
4.872777938842773
5.290338516235352
5.684954643249512
4.406010627746582
4.438452243804932
4.392736911773682
4.392736911773682
4.583282947540283
-0.31314006447792053
-0.476820170879364
-0.43949204683303833
-0.446790874004364
-0.4385353922843933
-0.48222628235816956
-0.9818370342254639
-0.9818370342254639
-1.0187149047851562
-1.0555499792099
-0.7269047498703003
-0.6279610991477966
-0.60773766040802
-0.5847167372703552
-0.6001982688903809
-0.5489829182624817
-0.5489829182624817
0.579474687576294
0.5646436214447021
0.5504501461982727
0.5483350157737732
2.30279541015625
2.2934911251068115
1.4967658519744873
1.3538382053375244
1.3538382053375244
1.328073263168335
2.0572476387023926
1.7106211185455322
1.6485984325408936
2.0685458183288574
5.203675270080566
-0.08856649696826935
0.017731714993715286
0.017731714993715286
0.14497646689414978
0.19090485572814941
0.2881031334400177
0.19733171164989471
0.18552659451961517
0.21341656148433685
0.19092686474323273
0.11087425798177719
0.11087425798177719
0.17485806345939636
0.082151398062706
0.14053134620189667
0.07719285786151886
0.13394039869308472
5.337083339691162
5.476253509521484
5.248939514160156
5.248939514160156
5.29445743560791
0.24551495909690857
-0.9315090179443359
-1.6556137800216675
-1.2910200357437134
-1.6497607231140137
0.010498052462935448
0.14387348294258118
0.14387348294258118
0.1916109323501587
0.1505260467529297
0.14719796180725098
5.070624351501465
5.267998695373535
5.2690839767456055
5.340511322021484
0.2791791558265686
0.2791791558265686
0.2290951907634735
0.16056793928146362
5.233209609985352
5.282482147216797
5.308419227600098
0.3158564269542694
0.24181361496448517
5.989693641662598
5.989693641662598
5.276738166809082
5.344743251800537
0.261350154876709
0.1740700900554657
6.407217502593994
5.325961112976074
0.06334815919399261
-0.10774751007556915
-0.10774751007556915
4.285702228546143
4.330595970153809
1.355442762374878
-1.1860992908477783
5.230924606323242
5.2517991065979
5.229053497314453
0.2955552041530609
0.2955552041530609
4.812437534332275
5.254289627075195
0.3149530291557312
0.3065773844718933
0.25602787733078003
0.17444363236427307
5.182507514953613
5.302451133728027
5.302451133728027
0.29529547691345215
0.2682207226753235
0.20094034075737
5.235173225402832
5.310037612915039
0.28099745512008667
0.21622364223003387
0.19888818264007568
0.19888818264007568
4.796995162963867
0.30143672227859497
0.15531745553016663
-0.5695398449897766
-0.15617147088050842
4.53127384185791
5.121651649475098
-0.12480036914348602
-0.12480036914348602
0.06896096467971802
0.0625331848859787
4.9392852783203125
5.260333061218262
0.26790013909339905
0.2783021330833435
0.18765303492546082
0.1814139187335968
0.1814139187335968
5.039424896240234
-1.4423396587371826
-1.3278324604034424
-2.42024302482605
-0.5666035413742065
-0.0062601640820503235
4.79539155960083
0.27673104405403137
0.27673104405403137
0.328269898891449
0.23065347969532013
0.17208847403526306
5.053214073181152
-1.1751885414123535
-1.8053315877914429
-1.597635269165039
-2.1093380451202393
-2.1093380451202393
-2.465087890625
2.2461447715759277
5.082324504852295
0.10582365840673447
-0.1273241639137268
-2.152956962585449
3.958963632583618
-2.4301326274871826
-2.4301326274871826
-0.5997393131256104
-0.648999810218811
-2.1207058429718018
4.1108551025390625
4.155972003936768
-2.0678865909576416
-2.1868340969085693
-2.6152029037475586
-2.6152029037475586
5.159135341644287
-0.32768434286117554
-0.4668075442314148
-2.091102361679077
-2.446228504180908
2.2846102714538574
5.1296234130859375
-2.3039710521698
-2.3039710521698
-2.213472366333008
-2.6268138885498047
6.289145469665527
0.06410568207502365
-0.04456131532788277
-0.8625670671463013
3.8893394470214844
4.117927551269531
4.117927551269531
-2.075821876525879
-1.1221568584442139
-0.30626916885375977
5.082715034484863
5.141209602355957
-0.31659501791000366
-0.3507419228553772
5.222980499267578
5.222980499267578
5.163764953613281
-0.3517952561378479
-1.9856184720993042
1.5232174396514893
1.5000171661376953
1.4529194831848145
4.263028621673584
3.9180123805999756
3.9180123805999756
2.9676220417022705
2.2416462898254395
5.041720390319824
1.7591350078582764
1.7373195886611938
1.6411287784576416
1.6002006530761719
3.4142580032348633
3.4142580032348633
3.276503562927246
2.240497350692749
2.192884683609009
2.46724796295166
2.4273531436920166
1.614208459854126
1.782532811164856
1.6488826274871826
1.6488826274871826
1.6660277843475342
1.6816082000732422
1.635247826576233
1.6554269790649414
1.6151199340820312
1.6334608793258667
1.647395372390747
1.6204990148544312
1.6204990148544312
1.6479096412658691
1.665281057357788
1.701264500617981
1.9015870094299316
1.6836769580841064
1.6192007064819336
1.6322729587554932
2.1293728351593018
2.1293728351593018
2.4823849201202393
1.6137832403182983
0.09043252468109131
3.6871025562286377
-0.6078362464904785
-0.8970760107040405
0.45631539821624756
-1.1871378421783447
-1.1871378421783447
-0.9619957208633423
0.4532163143157959
-0.7293715476989746
-0.6676449775695801
0.5153809189796448
-0.6633406281471252
5.067075729370117
-0.973943829536438
-0.973943829536438
5.336801528930664
5.658877372741699
-0.3263801038265228
4.453561782836914
4.38468074798584
4.611275672912598
-0.3138169050216675
4.773414611816406
4.773414611816406
4.988259315490723
-0.42551255226135254
4.238056182861328
4.37751579284668
-0.41955655813217163
4.324901580810547
5.322996139526367
-0.8595106601715088
-0.8595106601715088
5.087513446807861
5.2744951248168945
5.399514198303223
-0.31067991256713867
4.250223159790039
4.275394439697266
4.328254699707031
-0.4166230261325836
-0.4166230261325836
4.231253147125244
4.2541937828063965
-0.42899084091186523
4.233972072601318
4.263020038604736
-0.4263816177845001
4.210300445556641
4.232081413269043
4.232081413269043
-0.41711753606796265
4.251451015472412
4.56478214263916
-1.0054576396942139
4.998410224914551
5.605270862579346
4.771426677703857
-0.414797306060791
-0.414797306060791
4.207363128662109
4.261801719665527
4.4024248123168945
-0.4393344521522522
5.041069984436035
4.726155757904053
4.388733386993408
-0.4168984293937683
-0.4168984293937683
4.201744079589844
4.1183648109436035
4.077994346618652
-0.36181366443634033
4.204660415649414
4.132630348205566
4.057770729064941
-0.35132521390914917
-0.35132521390914917
4.189198017120361
4.082241535186768
-0.4077043831348419
4.180307388305664
4.045162200927734
4.0631327629089355
-0.41969820857048035
4.174025058746338
4.174025058746338
4.13343620300293
4.388503551483154
-0.31616735458374023
4.698791980743408
4.4745354652404785
4.4298787117004395
-0.41075584292411804
4.349391460418701
4.349391460418701
4.212913513183594
4.190615653991699
-0.7854206562042236
4.772111892700195
4.634613513946533
5.283219814300537
-0.20713378489017487
4.533075332641602
4.533075332641602
4.270852088928223
4.2766852378845215
-0.3979141414165497
-0.5564208030700684
5.1824798583984375
4.61701774597168
-0.3094058036804199
5.396371841430664
5.396371841430664
5.4128923416137695
5.128030776977539
-0.4156414866447449
-0.610451340675354
4.239282608032227
5.040162086486816
0.8786418437957764
-0.46429118514060974
-0.46429118514060974
4.415619850158691
4.285316467285156
-0.41995733976364136
-0.5444895029067993
4.349945545196533
4.335047721862793
-0.41511157155036926
-0.6445598602294922
-0.6445598602294922
-2.052135944366455
-1.14304780960083
-0.7840543389320374
0.26087450981140137
0.5527065992355347
0.518806517124176
-0.6216342449188232
0.5774017572402954
0.5774017572402954
0.5521527528762817
-0.6089730262756348
-0.6802672147750854
-0.5538151860237122
0.5700110793113708
0.5476212501525879
0.49982649087905884
2.247741222381592
2.247741222381592
2.1029186248779297
2.517991542816162
2.4263556003570557
2.329111099243164
1.874038815498352
2.2914538383483887
2.296290159225464
1.6279845237731934
1.6279845237731934
1.6498310565948486
1.8974964618682861
2.486929416656494
3.0421085357666016
2.3971235752105713
3.090445041656494
2.45058012008667
2.267469882965088
2.267469882965088
2.4501185417175293
2.418437957763672
2.3914647102355957
2.150853395462036
2.462427854537964
2.440183639526367
2.3673038482666016
2.292609453201294
2.292609453201294
1.7177032232284546
2.350604295730591
2.3982691764831543
2.3574612140655518
2.3554248809814453
2.4663186073303223
2.4766273498535156
2.3873744010925293
2.3873744010925293
4.5974040031433105
5.52364444732666
2.653870105743408
5.3198418617248535
5.212477684020996
5.18231725692749
2.560696601867676
2.555561065673828
2.555561065673828
5.442479133605957
5.349044322967529
0.14247649908065796
4.783263683319092
0.22222274541854858
0.3161450922489166
0.14223317801952362
4.804576873779297
4.804576873779297
0.3125414252281189
0.2597876489162445
0.09618064761161804
4.883811950683594
5.319953918457031
-0.14049458503723145
0.5545637607574463
4.202459335327148
4.202459335327148
5.114999294281006
-0.24455687403678894
-0.10616569221019745
5.227946758270264
0.2975108027458191
0.21622896194458008
0.14273889362812042
5.338253021240234
5.338253021240234
0.32155460119247437
0.18680012226104736
5.228507041931152
0.3025132417678833
0.22934108972549438
5.211977005004883
0.29210472106933594
0.21425944566726685
0.21425944566726685
4.987090110778809
0.2870705723762512
0.146453857421875
4.8460259437561035
0.29706239700317383
0.09796473383903503
4.892847061157227
0.2704198956489563
0.2704198956489563
0.10135971009731293
4.925978183746338
-1.4915484189987183
0.9029266834259033
4.756140232086182
-2.2497034072875977
-0.8217024803161621
5.212350845336914
5.212350845336914
-0.8876138925552368
-2.083881378173828
1.5637130737304688
-2.1640920639038086
-1.713794231414795
1.591951608657837
-1.2354257106781006
-1.0544331073760986
-1.0544331073760986
5.232370376586914
-0.4726913571357727
-1.9169049263000488
1.6239955425262451
-1.6312458515167236
-1.2553726434707642
2.2012529373168945
-0.46073198318481445
-0.46073198318481445
-0.3077380061149597
5.264548301696777
0.30373355746269226
0.07329200208187103
5.273561477661133
-0.08734399080276489
-0.49297279119491577
3.9329185485839844
3.9329185485839844
-2.348278522491455
-0.40576377511024475
5.264275550842285
0.2930060029029846
0.22699785232543945
5.277491569519043
0.29115229845046997
-0.15295976400375366
-0.15295976400375366
4.073134899139404
-1.4543156623840332
-2.212308883666992
2.299598217010498
0.0014847489073872566
0.04173283651471138
5.492696762084961
0.24942275881767273
0.24942275881767273
0.062078915536403656
4.8592987060546875
-1.1097171306610107
-1.2997690439224243
4.149232864379883
-0.24058189988136292
-0.15616822242736816
5.23253059387207
5.23253059387207
0.1673601120710373
-0.13923075795173645
5.22975492477417
-2.0461902618408203
-1.7801754474639893
1.5831897258758545
4.157436370849609
-2.3935940265655518
-2.3935940265655518
2.297917366027832
-2.3127055168151855
-2.0154523849487305
1.5530425310134888
5.054377555847168
-2.2846128940582275
4.1582465171813965
-2.241206407546997
-2.241206407546997
-2.364518165588379
1.5485448837280273
4.132205486297607
-2.5098328590393066
2.3143467903137207
-2.2187929153442383
-2.1075496673583984
2.281853675842285
2.281853675842285
-0.5989428162574768
-0.49627912044525146
5.23355770111084
-0.249214768409729
5.320950508117676
-2.1982507705688477
1.5216078758239746
4.103593349456787
4.103593349456787
-2.4125595092773438
4.113955497741699
-2.4443578720092773
-2.4752392768859863
2.3203155994415283
-0.591988742351532
-0.7925724983215332
4.121531009674072
4.121531009674072
4.025865077972412
1.709996223449707
2.0355000495910645
2.396155834197998
2.2557191848754883
2.4036083221435547
1.6126651763916016
1.6188626289367676
1.6188626289367676
2.0158233642578125
2.467604398727417
1.6154484748840332
1.6063158512115479
1.6082267761230469
1.9949626922607422
2.0479626655578613
2.462902069091797
2.462902069091797
2.3902969360351562
2.4698081016540527
2.129514694213867
1.6299324035644531
1.5956529378890991
2.001661539077759
2.048213481903076
2.476400375366211
2.476400375366211
2.3344690799713135
2.476475238800049
2.338327646255493
2.465512752532959
1.5699129104614258
1.5782166719436646
1.6569883823394775
2.3943142890930176
2.3943142890930176
1.8728972673416138
2.4389257431030273
1.6634736061096191
1.6090142726898193
1.6354420185089111
2.4373178482055664
-0.6512033939361572
0.4736593961715698
0.4736593961715698
-0.8783575296401978
-0.658600926399231
-0.6390657424926758
0.37283533811569214
-1.022947072982788
-0.23782214522361755
-1.219020962715149
-0.3844628632068634
-0.3844628632068634
-1.0883381366729736
0.4249325394630432
-0.5980747938156128
0.47453901171684265
-0.522314190864563
0.47372519969940186
-0.5184742212295532
0.47675007581710815
0.47675007581710815
-0.5118194818496704
0.4702536165714264
-0.5355596542358398
0.47708743810653687
-0.5589006543159485
0.47817716002464294
-0.6336214542388916
1.464953899383545
1.464953899383545
-0.8879662156105042
-0.22789189219474792
-1.1244570016860962
-0.28320926427841187
-1.0894614458084106
0.39948758482933044
4.2814106941223145
-0.4223385453224182
-0.4223385453224182
4.351934432983398
-0.4291279911994934
4.36112117767334
-0.4283408224582672
4.3978118896484375
-0.4345014691352844
4.989081382751465
-1.0265169143676758
-1.0265169143676758
5.502801895141602
-0.31518179178237915
5.65032958984375
-0.2945411503314972
5.365927696228027
-0.9228523373603821
4.773054122924805
-0.4647213816642761
-0.4647213816642761
4.219271659851074
-0.42762085795402527
4.231621265411377
-0.4183329939842224
4.230959892272949
-0.4105812907218933
4.285670280456543
-0.4223816990852356
-0.4223816990852356
4.229324817657471
-0.42443469166755676
4.228215217590332
-0.4239499270915985
4.214639663696289
-0.4172254800796509
4.195791721343994
-0.43101078271865845
-0.43101078271865845
4.209005355834961
-0.33496853709220886
4.483546257019043
-0.40489906072616577
3.8739876747131348
-0.41576844453811646
4.194873332977295
-0.47099173069000244
-0.47099173069000244
4.423525810241699
-0.41920703649520874
4.336552619934082
-0.4211999773979187
4.367510795593262
-0.42880117893218994
5.085249423980713
-0.9957912564277649
-0.9957912564277649
4.901681900024414
-0.33048778772354126
4.543427467346191
-0.4249989986419678
4.137551307678223
-0.3204058110713959
4.132801055908203
-0.33345547318458557
-0.33345547318458557
4.1291184425354
-0.34260308742523193
4.127599716186523
-0.32605332136154175
4.120345115661621
-0.32699280977249146
4.123319625854492
-0.32542502880096436
-0.32542502880096436
4.119291305541992
-0.31672608852386475
4.155632019042969
-0.3374212384223938
4.175004005432129
-0.3367454409599304
4.172755718231201
-0.32988932728767395
-0.32988932728767395
4.25405216217041
-0.33140432834625244
4.277563095092773
-0.32097503542900085
5.318464279174805
-0.8369733691215515
4.672061443328857
-0.48597604036331177
-0.48597604036331177
5.324536323547363
-0.8402754068374634
4.8683061599731445
-0.3588034510612488
5.4693450927734375
-0.445529043674469
-1.4358161687850952
1.611729383468628
1.611729383468628
2.0352249145507812
2.477322578430176
2.2788991928100586
2.4852468967437744
2.2109251022338867
2.478290557861328
2.0858054161071777
2.098552703857422
2.098552703857422
0.42929303646087646
1.6718976497650146
3.2924580574035645
3.0766396522521973
2.407350778579712
2.45812726020813
2.422548294067383
2.309253692626953
2.309253692626953
2.439785957336426
2.222262382507324
3.738144874572754
2.4285647869110107
2.407787799835205
2.4765052795410156
2.455930471420288
2.4272119998931885
2.4272119998931885
2.4572393894195557
2.4536306858062744
2.473167896270752
2.4578099250793457
2.324845314025879
2.427961826324463
2.46205997467041
2.4590044021606445
2.4590044021606445
2.461487293243408
2.4542531967163086
2.3356592655181885
2.4284305572509766
2.4691224098205566
2.3875951766967773
2.0615971088409424
4.03969144821167
4.03969144821167
1.6739158630371094
3.311457633972168
2.307122230529785
2.3643784523010254
2.2507386207580566
2.477654457092285
5.31137752532959
3.5681374073028564
3.5681374073028564
5.429076671600342
5.9925007820129395
2.5296645164489746
5.434246063232422
6.019506454467773
2.5395894050598145
5.436963081359863
0.3334936797618866
0.3334936797618866
5.299857139587402
0.1960071623325348
4.7103118896484375
0.20299452543258667
4.685549736022949
0.19625753164291382
0.18195593357086182
4.965791702270508
4.965791702270508
0.2538145184516907
0.17162737250328064
5.188282012939453
0.2642999291419983
5.039666175842285
0.24724823236465454
5.086302757263184
0.24451756477355957
0.24451756477355957
5.125177383422852
0.24799388647079468
5.113321304321289
0.2455860674381256
5.0178961753845215
0.23875796794891357
5.017711639404297
-0.5466965436935425
-0.5466965436935425
4.297397136688232
0.7406393885612488
4.2144551277160645
-1.062074065208435
4.8643975257873535
0.23073482513427734
4.784477710723877
0.2606489956378937
0.2606489956378937
4.810410499572754
0.2628589868545532
4.944400787353516
0.2436276376247406
4.914322853088379
0.23333844542503357
4.9338788986206055
0.23995354771614075
0.23995354771614075
4.955265045166016
0.2439003884792328
4.903608322143555
0.24604694545269012
4.8401288986206055
0.18923047184944153
5.353734493255615
0.1770952045917511
0.1770952045917511
5.674690246582031
0.07126389443874359
4.612875938415527
0.9473406076431274
4.2772603034973145
-2.034524440765381
2.309953212738037
-0.14062446355819702
-0.14062446355819702
5.53285551071167
0.29553452134132385
5.301881790161133
0.2872697710990906
5.305965423583984
0.26719561219215393
5.2963457107543945
-1.4882168769836426
-1.4882168769836426
4.411433696746826
-1.3097161054611206
4.788149356842041
-0.39818495512008667
5.300923824310303
0.16834954917430878
5.303333282470703
-0.6215343475341797
-0.6215343475341797
4.2695536613464355
-1.4841161966323853
4.169633388519287
-0.17820918560028076
5.311469078063965
-2.1781177520751953
1.7075424194335938
-2.2932064533233643
-2.2932064533233643
1.7202973365783691
-1.9384046792984009
4.221374034881592
-2.3278470039367676
1.6718751192092896
-2.434648036956787
1.5711543560028076
-2.508211135864258
-2.508211135864258
2.2962560653686523
-2.017852306365967
4.219875812530518
-2.0109596252441406
2.1527299880981445
-1.429840087890625
5.328974723815918
-2.044686794281006
-2.044686794281006
4.2029266357421875
-1.8979897499084473
2.349787950515747
-0.0821223258972168
5.347064971923828
-0.2577515244483948
4.89079475402832
-1.118054747581482
-1.118054747581482
4.218133449554443
-2.497462272644043
7.822063446044922
-0.2055792212486267
5.3406171798706055
-0.39908742904663086
4.708706855773926
-2.1546168327331543
-2.1546168327331543
4.158472061157227
-1.964909315109253
4.129583358764648
-1.8155800104141235
5.328076362609863
-0.8094495534896851
4.23675537109375
-1.8332313299179077
-1.8332313299179077
4.111876487731934
-2.38240385055542
1.7270604372024536
-2.3628649711608887
5.330384731292725
-0.8288937211036682
5.322185516357422
-1.967572569847107
-1.967572569847107
4.083752155303955
-2.4526610374450684
2.339425563812256
-2.474669933319092
1.5934711694717407
-2.585944175720215
2.3378214836120605
-0.5988479256629944
-0.5988479256629944
5.350457668304443
-2.179316997528076
1.5505468845367432
1.4539475440979004
1.6288503408432007
1.9410016536712646
2.4676008224487305
1.9345240592956543
1.9345240592956543
2.2340526580810547
1.5997395515441895
1.6265673637390137
1.55771005153656
1.8704001903533936
1.5648924112319946
1.6443521976470947
1.7480125427246094
1.7480125427246094
1.5923343896865845
1.8546702861785889
2.466306686401367
1.611493706703186
1.611606478691101
1.5677146911621094
2.4452974796295166
2.320082902908325
2.320082902908325
2.456761598587036
2.4097867012023926
2.461859703063965
2.2989447116851807
2.4586267471313477
0.2696029245853424
0.5826920866966248
-0.7982931137084961
-0.7982931137084961
-0.13706736266613007
-1.025446891784668
1.427828073501587
-1.1655914783477783
0.5231826305389404
-0.4334263801574707
0.3988528251647949
-0.3100593686103821
-0.3100593686103821
0.4171498417854309
-0.3763872981071472
0.5698362588882446
-0.38364022970199585
0.5680056810379028
-0.37896233797073364
0.5714279413223267
-0.4077630937099457
-0.4077630937099457
0.38571226596832275
4.878950119018555
-0.597920298576355
5.3515238761901855
-0.2959912419319153
5.375088214874268
-0.9949756860733032
5.436721324920654
5.436721324920654
-0.4306132197380066
4.50167179107666
-0.3453792631626129
4.494765281677246
-0.34405434131622314
4.503509521484375
-0.34749680757522583
4.6081695556640625
4.6081695556640625
-0.33994466066360474
4.497770309448242
-0.42622801661491394
4.547481060028076
-0.35002845525741577
4.800946235656738
-0.43233874440193176
4.526941299438477
4.526941299438477
-0.3386227786540985
5.215658664703369
-0.6353594064712524
5.174098014831543
-0.45103710889816284
4.533740997314453
-0.443428099155426
4.572452545166016
4.572452545166016
-0.4228230118751526
4.544821262359619
-0.43567681312561035
4.492952346801758
-0.4348903298377991
4.503628253936768
-0.4440244436264038
4.425551414489746
4.425551414489746
-0.43635404109954834
4.414772033691406
-0.4384813904762268
4.400031089782715
-0.44329607486724854
4.398186683654785
-0.43281829357147217
4.380644798278809
4.380644798278809
-0.4538622498512268
4.36414909362793
-0.4437568783760071
4.365571975708008
-0.44943565130233765
4.3470258712768555
-0.43934786319732666
4.3268938064575195
4.3268938064575195
-0.4463711380958557
4.3259429931640625
-0.354358434677124
4.671807289123535
-0.45837628841400146
3.9474587440490723
-0.42773526906967163
4.314502239227295
4.314502239227295
-0.3169093728065491
5.003410339355469
-0.6079102754592896
4.475452423095703
-0.41581207513809204
4.228531837463379
-0.41118907928466797
4.235115051269531
4.235115051269531
-0.3126477599143982
4.2146406173706055
-0.31973007321357727
4.195356369018555
-0.32628941535949707
4.166324615478516
-0.3300600051879883
4.798152923583984
4.798152923583984
-0.5904978513717651
4.710484027862549
-0.4159165024757385
4.140974521636963
-0.32758376002311707
4.116540908813477
-0.31625622510910034
4.091266632080078
4.091266632080078
-0.33050450682640076
4.1033406257629395
-0.3272584080696106
4.114990234375
-0.3231333792209625
4.0720415115356445
-0.3360704779624939
4.069118022918701
4.069118022918701
-0.3356245458126068
4.063879013061523
-0.3301379084587097
4.0508832931518555
-0.3397769331932068
4.049553871154785
-0.3328157067298889
4.056075096130371
4.056075096130371
-0.3303709626197815
4.062891006469727
-0.33760708570480347
4.065587043762207
-0.3302205801010132
4.064876556396484
-0.34193891286849976
4.049373626708984
4.049373626708984
-0.3363654613494873
4.064294815063477
-0.34629207849502563
4.096207141876221
-0.34699854254722595
4.061243057250977
-0.3381769061088562
-0.5624960660934448
-0.5624960660934448
0.5260692834854126
-0.638009786605835
0.6431043148040771
-0.6256940364837646
2.3323638439178467
0.406086266040802
2.2881569862365723
-0.54465651512146
-0.54465651512146
2.5021228790283203
5.193758010864258
2.5412702560424805
2.4472765922546387
2.41483736038208
2.3784241676330566
2.417151689529419
2.3954594135284424
2.3954594135284424
2.2676398754119873
2.426516532897949
2.2769570350646973
2.424431562423706
2.2709097862243652
2.3879244327545166
2.2737503051757812
2.4273881912231445
2.4273881912231445
2.270801544189453
2.4461612701416016
2.2846410274505615
2.4584217071533203
2.2944023609161377
2.447068691253662
2.275583267211914
2.4555931091308594
2.4555931091308594
2.2834253311157227
5.274627685546875
3.659963607788086
5.385547637939453
3.5755910873413086
5.401653289794922
3.609213352203369
5.407011032104492
5.407011032104492
7.809304237365723
5.320826530456543
2.5603079795837402
5.397034645080566
3.5532186031341553
5.393749237060547
2.571604013442993
5.408087730407715
5.408087730407715
2.5682759284973145
5.357537269592285
2.4423553943634033
7.6445231437683105
3.4444589614868164
5.270151138305664
2.560624122619629
5.431471824645996
5.431471824645996
2.9787087440490723
7.524258136749268
3.7631983757019043
6.757753849029541
3.857607364654541
5.4156951904296875
2.9766969680786133
7.372457504272461
7.372457504272461
3.7757842540740967
7.348113059997559
3.776188373565674
0.1985810101032257
6.264488220214844
0.21171818673610687
4.874703884124756
0.1872839331626892
0.1872839331626892
4.948544502258301
0.19571849703788757
4.909095287322998
0.17292368412017822
4.877388954162598
0.18238653242588043
4.89442253112793
0.17502537369728088
0.17502537369728088
4.877161026000977
0.1665743887424469
4.908182144165039
0.15995576977729797
4.915901184082031
0.18497371673583984
5.152225971221924
0.1192963570356369
0.1192963570356369
4.518050193786621
2.5887420177459717
4.449352264404297
-0.4388325810432434
5.232935428619385
0.1252969205379486
5.026518821716309
0.16893109679222107
0.16893109679222107
5.034054279327393
0.16570615768432617
4.989612102508545
0.1673128604888916
4.93575382232666
0.17300111055374146
5.38523006439209
0.1732921004295349
0.1732921004295349
5.593016147613525
0.09543024003505707
5.235599994659424
0.047509610652923584
4.587779998779297
-1.5402429103851318
2.2956910133361816
-0.06413121521472931
-0.06413121521472931
5.436840057373047
0.13892707228660583
5.380059719085693
0.1477147340774536
5.524850845336914
0.15827777981758118
5.232560157775879
-0.7731128931045532
-0.7731128931045532
4.2723188400268555
-1.1633508205413818
4.483759880065918
-1.9924917221069336
2.140178680419922
-0.1976339966058731
4.170509338378906
-1.904205083847046
-1.904205083847046
4.174607753753662
-2.3035218715667725
1.751225471496582
-1.9899837970733643
4.334451675415039
-2.2367184162139893
4.299402236938477
-1.00621497631073
-1.00621497631073
5.237234115600586
-1.300081729888916
4.194427013397217
-1.4202666282653809
4.253405570983887
-1.21799898147583
5.213718414306641
-0.5657700300216675
-0.5657700300216675
5.270834445953369
-2.0550055503845215
4.231871604919434
-1.8125145435333252
4.1580400466918945
-2.3759632110595703
5.090576171875
-1.0489180088043213
-1.0489180088043213
5.233990669250488
-2.2533516883850098
4.148338317871094
-1.8814494609832764
4.153495788574219
-2.5138683319091797
2.2382237911224365
-1.4799928665161133
-1.4799928665161133
4.224212646484375
-1.752831220626831
1.5255424976348877
-0.8539650440216064
5.2435994148254395
-0.652093768119812
5.023528099060059
-1.7373683452606201
-1.7373683452606201
4.08699893951416
-2.4493141174316406
2.289797306060791
-0.6401857733726501
5.232108116149902
-2.2753982543945312
4.041782855987549
-2.165712356567383
-2.165712356567383
4.155036449432373
-2.4260988235473633
2.334857940673828
-1.8033416271209717
5.238308429718018
-2.141242504119873
4.08986234664917
-2.373412609100342
-2.373412609100342
2.337726354598999
-0.5449382066726685
5.3039164543151855
1.7701884508132935
1.6153820753097534
1.508681297302246
1.5980302095413208
1.4806454181671143
1.4806454181671143
2.41040301322937
2.007150173187256
2.337085008621216
2.2398557662963867
2.4776811599731445
2.4679126739501953
2.459679126739502
2.462268829345703
2.462268829345703
2.464336395263672
2.4724812507629395
2.465041160583496
2.469388484954834
2.458043098449707
2.216043472290039
1.100475788116455
1.5156525373458862
1.5156525373458862
1.8853542804718018
2.3201212882995605
2.354266881942749
2.4843952655792236
2.390383720397949
2.466794967651367
0.5861092805862427
2.368677854537964
2.368677854537964
2.471428871154785
2.466093063354492
2.467972993850708
2.472370147705078
2.4665403366088867
2.4598731994628906
2.4687440395355225
2.460679531097412
2.460679531097412
2.4560017585754395
2.474437713623047
2.4633889198303223
2.462477684020996
2.467710494995117
2.4715664386749268
2.4620261192321777
2.4662423133850098
2.4662423133850098
2.4627628326416016
2.4673686027526855
2.4684677124023438
2.464600086212158
2.2393550872802734
1.5151267051696777
1.4481737613677979
1.6111146211624146
1.6111146211624146
2.45340633392334
2.4643683433532715
2.449695587158203
2.467496871948242
2.4685966968536377
2.463318347930908
2.465786933898926
2.4678902626037598
2.4678902626037598
2.4678468704223633
2.460799217224121
2.459341287612915
2.4574339389801025
2.476682662963867
2.460252285003662
2.4641127586364746
2.4587883949279785
2.4587883949279785
2.469031572341919
2.465010166168213
2.46376633644104
2.468690872192383
2.467319965362549
2.4573936462402344
2.460655689239502
2.469144105911255
2.469144105911255
2.464707136154175
2.4547677040100098
2.4723241329193115
2.469590663909912
2.469102621078491
2.466914176940918
2.472939968109131
2.4638824462890625
2.4638824462890625
2.470886707305908
2.461778163909912
2.462967872619629
2.4664576053619385
2.465191602706909
2.4680280685424805
2.4628593921661377
2.4692845344543457
2.4692845344543457
2.464599847793579
2.463308811187744
2.4621634483337402
2.466822862625122
2.465308427810669
2.4685263633728027
2.4621236324310303
2.475249767303467
2.475249767303467
2.4663949012756348
2.4644417762756348
2.457176685333252
4.404977798461914
-0.38089680671691895
0.5806926488876343
2.4085469245910645
2.518280029296875
2.518280029296875
2.5045833587646484
4.381325721740723
-0.27976131439208984
0.6972028017044067
2.4040188789367676
2.5116806030273438
4.367399215698242
-0.2850828766822815
-0.2850828766822815
0.5737087726593018
2.3990442752838135
2.511549949645996
4.332070350646973
-0.2802204489707947
0.5606887340545654
2.4006123542785645
2.5242795944213867
2.5242795944213867
2.5124645233154297
4.311640739440918
-0.28925639390945435
2.365508556365967
2.503120183944702
2.5009448528289795
2.5091347694396973
2.503812313079834
2.503812313079834
4.270927429199219
-0.2829572558403015
0.5800071954727173
2.4191267490386963
2.520616292953491
4.25929069519043
-0.2879398763179779
-0.5393639802932739
-0.5393639802932739
0.5830166339874268
2.4020299911499023
2.5228819847106934
2.521789073944092
2.503044605255127
2.508091449737549
2.520963191986084
4.271730422973633
4.271730422973633
-0.5292799472808838
0.25108394026756287
2.2215867042541504
2.5151286125183105
-0.5851208567619324
0.44583559036254883
4.048153400421143
-0.5456666946411133
-0.5456666946411133
0.2499963343143463
2.4131240844726562
2.5078375339508057
2.5120010375976562
2.5093328952789307
-0.5614742040634155
0.4671168327331543
2.412728786468506
2.412728786468506
2.520136833190918
2.5119025707244873
0.6171980500221252
2.4112534523010254
2.5047788619995117
2.504582405090332
2.5051791667938232
0.6147158145904541
0.6147158145904541
2.4029436111450195
2.5196547508239746
2.5212626457214355
2.416973352432251
2.507077693939209
2.517047643661499
2.5221123695373535
2.5070626735687256
2.5070626735687256
2.5109174251556396
2.5172009468078613
2.505908489227295
2.5203843116760254
2.5150907039642334
2.513969898223877
2.511737823486328
2.5166311264038086
2.5166311264038086
2.5056891441345215
2.433192014694214
2.50803279876709
2.4532177448272705
2.512211561203003
2.5077552795410156
2.5060548782348633
2.5102479457855225
2.5102479457855225
2.5109384059906006
2.5147924423217773
2.5135467052459717
2.5096054077148438
2.5181503295898438
2.506274700164795
2.5178022384643555
2.515594005584717
2.515594005584717
2.5202674865722656
2.507749557495117
2.5125818252563477
2.511618137359619
2.5108025074005127
2.5139968395233154
2.5098729133605957
2.513922691345215
2.513922691345215
2.525212287902832
3.4844586849212646
5.342774391174316
-15.475059509277344
-5.945342063903809
-6.846388339996338
-7.274395942687988
-7.075736999511719
-7.075736999511719
-9.525288581848145
-7.062605381011963
-9.512906074523926
-7.0469136238098145
-9.521599769592285
-7.0468645095825195
-9.512386322021484
-7.062851905822754
-7.062851905822754
-10.73953628540039
-7.0858612060546875
-9.521615982055664
-10.152933120727539
-10.772966384887695
-9.971402168273926
-7.218279838562012
-9.97916030883789
-9.97916030883789
-7.219473838806152
-9.513067245483398
-10.162813186645508
-7.242880821228027
-9.511054039001465
-10.150856018066406
-7.23735237121582
-9.559967041015625
-9.559967041015625
-9.750685691833496
-10.169143676757812
-10.657341003417969
-9.442953109741211
-9.722261428833008
-9.667356491088867
-9.674945831298828
-9.724681854248047
-9.724681854248047
-9.658927917480469
-9.670312881469727
-9.67144775390625
-9.675161361694336
-9.671058654785156
-9.676868438720703
-9.728214263916016
-9.704444885253906
-9.704444885253906
-9.714273452758789
-9.713476181030273
-9.66331672668457
-9.673380851745605
-9.670257568359375
-9.678305625915527
-9.674173355102539
-9.674765586853027
-9.674765586853027
-9.683412551879883
-9.67605209350586
-9.67156982421875
-9.675089836120605
-9.723783493041992
-9.716374397277832
-9.718482971191406
-9.712587356567383
-9.712587356567383
-9.66714096069336
-9.67485523223877
-9.674942016601562
-9.673023223876953
-9.727319717407227
-9.716209411621094
-9.665841102600098
-8.056325912475586
-8.056325912475586
-4.978030681610107
-4.496461868286133
-5.8886942863464355
-6.584842681884766
-9.457058906555176
-9.657896041870117
-10.228108406066895
-7.153717041015625
-7.153717041015625
-9.513501167297363
-10.22319221496582
-7.211544990539551
-9.513694763183594
-10.234946250915527
-7.254711627960205
-9.55819320678711
-9.707795143127441
-9.707795143127441
-10.285074234008789
-7.213273048400879
-9.515724182128906
-9.557077407836914
-6.874894142150879
-7.412458419799805
-3.6192119121551514
-8.54713249206543
-8.54713249206543
-7.4589080810546875
-10.4857177734375
-7.213411331176758
-9.472100257873535
-10.245612144470215
-7.192896842956543
-7.127847671508789
-10.080320358276367
-10.080320358276367
-6.263555526733398
-6.425056457519531
-6.552760124206543
-3.966188907623291
-6.599403381347656
-9.773843765258789
-7.361943244934082
-10.271862030029297
-10.271862030029297
-7.214912414550781
-9.478004455566406
-6.879607200622559
-6.710015296936035
-4.389935493469238
-6.6939311027526855
-9.849922180175781
-6.411324501037598
-6.411324501037598
-9.477354049682617
-9.228696823120117
-4.52376651763916
-6.107648849487305
-6.803768157958984
-5.375271797180176
-9.541112899780273
-9.716606140136719
-9.716606140136719
-8.677352905273438
-6.852855682373047
-6.850924015045166
-6.825254440307617
-4.959652900695801
-9.48127555847168
-9.727518081665039
-9.716320991516113
-9.716320991516113
-9.176597595214844
-6.922895431518555
-7.048917293548584
-6.851064682006836
-7.504764556884766
-9.767096519470215
-9.663061141967773
-8.508563995361328
-8.508563995361328
-9.837474822998047
-9.72907829284668
-9.671344757080078
-9.687772750854492
-9.677620887756348
-9.679105758666992
-9.686880111694336
-9.691740989685059
-9.691740989685059
-9.677016258239746
-9.687583923339844
-9.675893783569336
-9.679319381713867
-9.674561500549316
-9.684978485107422
-9.685194969177246
-9.688735961914062
-9.688735961914062
-9.683710098266602
-9.737507820129395
-9.678333282470703
-9.688165664672852
-8.834184646606445
-8.187689781188965
-8.047158241271973
-7.242997169494629
-7.242997169494629
-3.142788887023926
-2.180190086364746
-2.190183639526367
-2.1884074211120605
-2.1884775161743164
-2.1855688095092773
-2.19352388381958
-2.1836814880371094
-2.1836814880371094
-2.186041831970215
-2.181994915008545
-2.1928110122680664
-2.180481433868408
-2.1902949810028076
-2.190784454345703
-2.1943752765655518
-2.184598445892334
-2.184598445892334
-2.184417724609375
-2.191474199295044
-2.186703681945801
-2.1927242279052734
-2.185023307800293
-2.1911227703094482
-2.179270029067993
-2.185450315475464
-2.185450315475464
-2.186997175216675
-2.1835155487060547
-2.191746234893799
-2.182542324066162
-2.1837854385375977
-2.180467128753662
-2.1886777877807617
-2.187541961669922
-2.187541961669922
-2.19099497795105
-2.179311752319336
-2.1885664463043213
-2.1951329708099365
-2.1849703788757324
-2.1913840770721436
-2.1938400268554688
-2.190370798110962
-2.190370798110962
-2.1815614700317383
-2.185199022293091
-2.190143585205078
-2.195462703704834
-2.1919331550598145
-2.1833252906799316
-2.184936046600342
-2.194017171859741
-2.194017171859741
-2.185392379760742
-2.1818771362304688
-2.188231945037842
-2.1791625022888184
-2.1882007122039795
-2.1780619621276855
-2.1871497631073
-2.1851603984832764
-2.1851603984832764
-2.1875362396240234
-2.19486141204834
-2.182845115661621
-2.1794753074645996
-2.177579402923584
-2.1847918033599854
-2.1799330711364746
-2.182666778564453
-2.182666778564453
-2.186889171600342
-2.193755626678467
-2.1799604892730713
-2.187145709991455
-2.1917200088500977
-2.1888256072998047
-2.17785906791687
-2.1763038635253906
-2.1763038635253906
-2.1777820587158203
-2.18308424949646
-2.189929485321045
-2.1800765991210938
-2.185023784637451
-2.192660331726074
-2.1862995624542236
-2.1825342178344727
-2.1825342178344727
-2.186222553253174
-2.188725471496582
-2.184192180633545
-2.186645984649658
-2.183187484741211
-2.182861804962158
-2.1801705360412598
-2.1854119300842285
-2.1854119300842285
-2.173072338104248
-2.174625873565674
-2.1801326274871826
-2.1816246509552
-2.186277389526367
-2.1818227767944336
-2.1832354068756104
-2.182281017303467
-2.182281017303467
-2.182123899459839
-2.1839659214019775
-2.1846466064453125
-2.1803016662597656
-2.189462184906006
-2.1726183891296387
-2.1859633922576904
-2.178915500640869
-2.178915500640869
-2.1887073516845703
-2.182507038116455
-2.1754231452941895
-2.1712653636932373
-2.1828222274780273
-2.1928346157073975
-2.176565408706665
-2.1828417778015137
-2.1828417778015137
-2.1868491172790527
-2.1690330505371094
-2.174222469329834
-2.1875786781311035
-2.191143035888672
-2.1850619316101074
-2.1902267932891846
-2.1769509315490723
-2.1769509315490723
-2.169869899749756
-2.1888961791992188
-2.180328845977783
-2.1761279106140137
-2.1772139072418213
-2.1872918605804443
-2.1869046688079834
