-12.902801513671875
-12.902801513671875
-12.936915397644043
-13.045778274536133
-12.918828964233398
-13.121698379516602
-13.118106842041016
-13.172442436218262
-13.148404121398926
-13.22930908203125
-13.22930908203125
-13.156404495239258
-13.292793273925781
-13.381612777709961
-12.763849258422852
-12.858733177185059
-12.770633697509766
-12.732799530029297
-12.722898483276367
-12.722898483276367
-12.718561172485352
-12.726067543029785
-12.72646713256836
-12.742593765258789
-12.84699821472168
-12.649792671203613
-12.942956924438477
-12.637823104858398
-12.637823104858398
-12.740093231201172
-12.816207885742188
-12.71900749206543
-12.722318649291992
-12.768056869506836
-12.721283912658691
-12.72410774230957
-12.733821868896484
-12.733821868896484
-12.698371887207031
-12.747040748596191
-12.668538093566895
-12.941376686096191
-12.754606246948242
-12.979952812194824
-12.788349151611328
-12.910516738891602
-12.910516738891602
-12.767133712768555
-12.928153991699219
-12.761953353881836
-12.969963073730469
-12.790223121643066
-12.888057708740234
-12.804105758666992
-12.854833602905273
-12.854833602905273
-12.811441421508789
-12.895675659179688
-12.929731369018555
-12.821666717529297
-12.859283447265625
-12.784456253051758
-12.901424407958984
-12.842233657836914
-12.842233657836914
-12.827415466308594
-12.824649810791016
-12.838172912597656
-12.802263259887695
-12.838537216186523
-12.883478164672852
-12.740291595458984
-12.917670249938965
-12.917670249938965
-12.805569648742676
-12.84197998046875
-12.832648277282715
-12.833641052246094
-12.906859397888184
-12.769333839416504
-12.803008079528809
-12.91954517364502
-12.91954517364502
-12.80317497253418
-12.837361335754395
-12.812788963317871
-12.820527076721191
-12.818048477172852
-12.804631233215332
-12.824407577514648
-12.817184448242188
-12.817184448242188
-12.890539169311523
-12.758642196655273
-12.886651039123535
-12.849875450134277
-12.808822631835938
-12.818161964416504
-12.83098030090332
-13.000703811645508
-13.000703811645508
-12.742687225341797
-12.902929306030273
-12.816184997558594
-12.923337936401367
-12.822455406188965
-12.822040557861328
-12.897500991821289
-12.82601261138916
-12.82601261138916
-12.78349494934082
-12.91378116607666
-12.796287536621094
-12.88319206237793
-12.770904541015625
-12.873628616333008
-12.808104515075684
-12.804742813110352
-12.804742813110352
-12.80711555480957
-12.813210487365723
-12.806648254394531
-12.822851181030273
-12.823736190795898
-12.825908660888672
-12.824296951293945
-12.82354736328125
-12.82354736328125
-12.807926177978516
-12.881473541259766
-12.821981430053711
-12.826462745666504
-12.8255615234375
-12.824094772338867
-12.830095291137695
-12.824861526489258
-12.824861526489258
-12.826334953308105
-12.826210021972656
-12.825261116027832
-12.838912010192871
-12.844684600830078
-12.839839935302734
-12.842645645141602
-12.84135627746582
-12.84135627746582
-12.840919494628906
-12.842575073242188
-12.840814590454102
-12.841621398925781
-12.840710639953613
-12.846650123596191
-12.84101390838623
-12.843914031982422
-12.843914031982422
-12.84538459777832
-12.843622207641602
-12.842292785644531
-12.844391822814941
-12.844547271728516
-12.842508316040039
-12.843221664428711
-12.844228744506836
-12.844228744506836
-12.84245777130127
-12.842666625976562
-12.84490966796875
-12.842805862426758
-12.841641426086426
-12.839508056640625
-12.835864067077637
-12.837686538696289
-12.837686538696289
-12.842302322387695
-12.822357177734375
-12.87838363647461
-12.837352752685547
-12.834775924682617
-12.840360641479492
-12.888616561889648
-12.82684326171875
-12.82684326171875
-12.852874755859375
-12.89857006072998
-12.83460521697998
-12.840353965759277
-12.838199615478516
-12.84195327758789
-12.821866035461426
-12.90523910522461
-12.90523910522461
-12.795780181884766
-12.942237854003906
-12.834651947021484
-12.839061737060547
-12.84247875213623
-12.191657066345215
-10.850362777709961
-1.790806531906128
-1.790806531906128
-4.900684356689453
-8.603930473327637
-11.165778160095215
-13.569520950317383
-12.947948455810547
-12.899282455444336
-12.938163757324219
-12.877877235412598
-12.877877235412598
-12.45826244354248
-12.981768608093262
-12.976624488830566
-12.956697463989258
-10.074235916137695
-12.533251762390137
-13.067764282226562
-13.089815139770508
-13.089815139770508
-13.048163414001465
-13.011397361755371
-12.92374038696289
-12.854379653930664
-12.922208786010742
-12.894148826599121
-12.894710540771484
-12.861669540405273
-12.861669540405273
-13.972433090209961
-12.518594741821289
-13.196441650390625
-13.498514175415039
-13.482465744018555
-13.358562469482422
-12.929370880126953
-13.124998092651367
-13.124998092651367
-13.22332763671875
-13.214488983154297
-13.308740615844727
-13.141805648803711
-13.415498733520508
-13.217962265014648
-13.150579452514648
-13.34225082397461
-13.34225082397461
-13.153914451599121
-13.394659042358398
-13.224470138549805
-13.583749771118164
-13.470266342163086
-13.268917083740234
-13.068694114685059
-13.45659065246582
-13.45659065246582
-13.277473449707031
-13.811286926269531
-13.561967849731445
-13.250955581665039
-13.040078163146973
-13.38058090209961
-13.442177772521973
-13.629981994628906
-13.629981994628906
-13.457192420959473
-13.223445892333984
-13.581510543823242
-13.230676651000977
-13.732125282287598
-13.27195930480957
-15.180465698242188
-13.420612335205078
-13.420612335205078
-13.149163246154785
-13.012298583984375
-12.964271545410156
-13.11841869354248
-13.118310928344727
-12.517448425292969
-12.803555488586426
-13.451482772827148
-13.451482772827148
-12.345773696899414
-12.68228530883789
-12.091798782348633
-12.719626426696777
-13.493155479431152
-12.761483192443848
-13.063817977905273
-13.06436824798584
-13.06436824798584
-12.982840538024902
-12.984533309936523
-12.263860702514648
-11.945318222045898
-11.08892822265625
-10.572509765625
-9.961255073547363
-12.329385757446289
-12.329385757446289
-13.454732894897461
-13.029867172241211
-12.963212966918945
-12.994894981384277
-13.031095504760742
-12.903858184814453
-13.03879165649414
-12.892570495605469
-12.892570495605469
-13.04215145111084
-13.060096740722656
-13.415448188781738
-12.929384231567383
-13.314163208007812
-11.234201431274414
-13.233192443847656
-13.631217956542969
-13.631217956542969
-12.817329406738281
-13.210372924804688
-13.082186698913574
-13.072579383850098
-13.042581558227539
-13.072494506835938
-13.031152725219727
-13.070135116577148
-13.070135116577148
-13.003934860229492
-13.032337188720703
-12.97308349609375
-13.038199424743652
-12.908045768737793
-13.073396682739258
-13.03272819519043
-13.015909194946289
-13.015909194946289
-13.014028549194336
-13.007583618164062
-13.079621315002441
-12.937090873718262
-13.041078567504883
-12.707841873168945
-13.224853515625
-12.95826530456543
-12.95826530456543
-12.934232711791992
-12.982715606689453
-12.981724739074707
-12.973347663879395
-13.005205154418945
-13.051851272583008
-12.969481468200684
-13.087299346923828
-13.087299346923828
-13.145105361938477
-12.993953704833984
-13.10753059387207
-13.073238372802734
-13.107738494873047
-13.11949634552002
-13.097164154052734
-12.704198837280273
-12.704198837280273
-12.56789493560791
-12.376052856445312
-12.123950958251953
-12.50528335571289
-13.454623222351074
-13.177486419677734
-13.074005126953125
-13.078718185424805
-13.078718185424805
-13.111793518066406
-13.112174987792969
-13.114286422729492
-13.100597381591797
-13.091693878173828
-13.093236923217773
-13.087048530578613
-13.086409568786621
-13.086409568786621
-13.082111358642578
-13.087594985961914
-13.08132553100586
-13.0792236328125
-13.072540283203125
-13.06755256652832
-13.079202651977539
-13.06285572052002
-13.06285572052002
-13.056680679321289
-12.807879447937012
-13.384208679199219
-12.986234664916992
-11.358718872070312
-13.512931823730469
-13.038528442382812
-13.027909278869629
-13.027909278869629
-13.020471572875977
-13.017383575439453
-13.015704154968262
-13.01528549194336
-13.014158248901367
-13.014028549194336
-13.013574600219727
-13.014073371887207
-13.014073371887207
-13.013629913330078
-13.014131546020508
-13.013201713562012
-13.013360977172852
-13.012654304504395
-13.012805938720703
-13.011312484741211
-13.008435249328613
-13.008435249328613
-13.003827095031738
-13.084630966186523
-13.15860652923584
-13.25421142578125
-13.252224922180176
-13.036642074584961
-13.2000732421875
-13.19068717956543
-13.19068717956543
-13.172280311584473
-13.181722640991211
-13.182487487792969
-13.182013511657715
-13.182109832763672
-13.181941986083984
-13.182334899902344
-13.18221664428711
-13.18221664428711
-13.18217945098877
-13.182172775268555
-13.182109832763672
-13.182225227355957
-13.18215560913086
-13.182220458984375
-13.181753158569336
-13.181859016418457
-13.181859016418457
-13.18187427520752
-13.181914329528809
-13.18181324005127
-13.181907653808594
-13.182090759277344
-13.181970596313477
-13.181978225708008
-13.181798934936523
-13.181798934936523
-13.182220458984375
-13.18211841583252
-13.182107925415039
-13.181880950927734
-13.17860221862793
-13.246582984924316
-13.15719985961914
-12.60566520690918
-12.60566520690918
-12.294027328491211
-12.44256591796875
-12.580886840820312
-12.665681838989258
-12.8174467086792
-12.825164794921875
-12.977795600891113
-12.868207931518555
-12.868207931518555
-13.544718742370605
-13.176637649536133
-13.175186157226562
-13.175211906433105
-13.175138473510742
-13.175209999084473
-13.176183700561523
-13.237428665161133
-13.237428665161133
-13.072443008422852
-13.164848327636719
-13.123388290405273
-13.135834693908691
-13.00760269165039
-13.326522827148438
-13.071802139282227
-12.821527481079102
-12.821527481079102
-12.762856483459473
-13.066275596618652
-13.056451797485352
-13.056676864624023
-13.028250694274902
-13.056943893432617
-13.05813217163086
-13.056467056274414
-13.056467056274414
-13.055763244628906
-13.058008193969727
-13.052190780639648
-13.118504524230957
-13.495828628540039
-12.751867294311523
-13.396827697753906
-12.201038360595703
-12.201038360595703
-13.70175838470459
-12.990983963012695
-13.08834171295166
-13.113462448120117
-13.099763870239258
-13.104927062988281
-13.106143951416016
-13.10084342956543
-13.10084342956543
-13.108052253723145
-13.100257873535156
-13.10869026184082
-13.103577613830566
-13.099647521972656
-13.109594345092773
-13.099567413330078
-13.103853225708008
-13.103853225708008
-13.108264923095703
-13.099098205566406
-12.9603271484375
-12.760126113891602
-13.033913612365723
-13.067117691040039
-13.078704833984375
-13.088388442993164
-13.088388442993164
-13.087730407714844
-13.082259178161621
-13.101234436035156
-13.061609268188477
-13.034095764160156
-13.145624160766602
-13.539730072021484
-12.690821647644043
-12.690821647644043
-13.373659133911133
-13.124292373657227
-13.492757797241211
-12.693140029907227
-13.567206382751465
-13.12221622467041
-13.12405014038086
-13.128453254699707
-13.128453254699707
-13.11463737487793
-13.120710372924805
-13.66836166381836
-13.477678298950195
-13.264856338500977
-13.483959197998047
-13.103614807128906
-13.099564552307129
-13.099564552307129
-13.106376647949219
-13.114839553833008
-13.10842514038086
-13.118379592895508
-13.112438201904297
-13.121853828430176
-13.126102447509766
-13.11534309387207
-13.11534309387207
-13.118785858154297
-13.119291305541992
-13.120366096496582
-13.111459732055664
-13.122024536132812
-13.133939743041992
-13.129672050476074
-13.138204574584961
-13.138204574584961
-13.147324562072754
-13.155431747436523
-13.157323837280273
-13.152031898498535
-13.156436920166016
-13.157554626464844
-13.157915115356445
-13.159736633300781
-13.159736633300781
-13.160028457641602
-13.160287857055664
-13.158430099487305
-13.159671783447266
-13.159872055053711
-13.159790992736816
-13.159843444824219
-13.1597900390625
-13.1597900390625
-13.159854888916016
-13.159786224365234
-13.159929275512695
-13.159818649291992
-13.15981674194336
-13.159810066223145
-13.159791946411133
-13.15988540649414
-13.15988540649414
-13.159934997558594
-13.160170555114746
-13.229120254516602
-13.06406021118164
-13.22700309753418
-13.120597839355469
-13.175148963928223
-13.140542984008789
-13.140542984008789
-13.156550407409668
-13.15621280670166
-13.190814971923828
