-3.5080783367156982
-3.5080783367156982
-3.0930469036102295
-3.4875855445861816
-3.5257163047790527
-3.4737186431884766
-3.5131797790527344
-3.5182876586914062
-3.5260987281799316
-3.530343770980835
-3.530343770980835
-3.5222907066345215
-3.4993655681610107
-3.4922142028808594
-3.460623264312744
-3.4602622985839844
-3.4189329147338867
-3.225801467895508
-3.1481852531433105
-3.1481852531433105
-3.072995185852051
-3.166045665740967
-3.404938220977783
-3.4996910095214844
-3.514688014984131
-3.4979805946350098
-3.5032882690429688
-3.4265122413635254
-3.4265122413635254
-3.427460193634033
-3.46836519241333
-3.424992322921753
-2.377932071685791
-3.3768317699432373
-3.4232258796691895
-3.3984432220458984
-3.3559372425079346
-3.3559372425079346
-3.451429843902588
-3.323328971862793
-3.399444818496704
-3.279261589050293
-3.3900632858276367
-3.4389595985412598
-3.1730499267578125
-3.473656177520752
-3.473656177520752
-3.3590686321258545
-3.2753138542175293
-3.302927017211914
-3.4526162147521973
-2.9102940559387207
-3.2672948837280273
-3.4263100624084473
-2.683797597885132
-2.683797597885132
-3.2613492012023926
-3.404853343963623
-3.369839668273926
-3.2451210021972656
-3.2224977016448975
-3.4646525382995605
-3.1964778900146484
-3.4013254642486572
-3.4013254642486572
-3.1976685523986816
-3.4561879634857178
-3.1786348819732666
-3.449632167816162
-3.1772193908691406
-3.4354820251464844
-3.174999237060547
-3.457099199295044
-3.457099199295044
-3.155221462249756
-3.4395461082458496
-3.141307830810547
-3.4561195373535156
-3.136204719543457
-3.4448442459106445
-3.1328177452087402
-3.1324758529663086
-3.1324758529663086
-3.1216623783111572
-3.4239237308502197
-3.102881908416748
-3.430325746536255
-3.091691493988037
-3.096693515777588
-3.09861159324646
-3.106471538543701
-3.106471538543701
-3.094161033630371
-3.09553599357605
-3.0858521461486816
-3.0778801441192627
-3.084622859954834
-3.0790700912475586
-3.075681447982788
-3.068389415740967
-3.068389415740967
-3.0595264434814453
-3.0575432777404785
-3.068937301635742
-3.0558109283447266
-3.0577309131622314
-3.054872989654541
-3.05228853225708
-3.0581021308898926
-3.0581021308898926
-3.044806480407715
-3.041506767272949
-3.041548490524292
-3.0598371028900146
-3.00748348236084
-2.81370210647583
-3.039088010787964
-3.0220043659210205
-3.0220043659210205
-3.0268993377685547
-3.0224599838256836
-3.0195889472961426
-3.0127623081207275
-3.019545078277588
-3.0163424015045166
-3.02900767326355
-3.003547191619873
-3.003547191619873
-3.012119770050049
-3.0059053897857666
-3.0124826431274414
-3.006409168243408
-2.9969964027404785
-3.007817506790161
-3.0069077014923096
-3.004904270172119
-3.004904270172119
-3.003431558609009
-3.0101916790008545
-3.0812389850616455
-2.9933011531829834
-3.000019073486328
-2.994515895843506
-2.9920644760131836
-2.987307071685791
-2.987307071685791
-2.9861583709716797
-2.986237049102783
-2.9972407817840576
-3.1613497734069824
-2.9698543548583984
-2.9792680740356445
-2.9746577739715576
-2.9824585914611816
-2.9824585914611816
-2.98699688911438
-2.979220390319824
-2.9747366905212402
-2.97371768951416
-2.975156307220459
-2.9829518795013428
-2.973121166229248
-2.9768526554107666
-2.9768526554107666
-2.9739742279052734
-2.975283622741699
-2.977233409881592
-2.9703657627105713
-2.9658355712890625
-2.976712942123413
-2.964597702026367
-2.979966402053833
-2.979966402053833
-2.965756416320801
-2.979043483734131
-2.9501802921295166
-2.974581241607666
-2.956590175628662
-2.9700403213500977
-2.970982551574707
-2.954078435897827
-2.954078435897827
-2.9605555534362793
-2.9694814682006836
-2.9560296535491943
-2.9591383934020996
-2.9591188430786133
-2.965114116668701
-2.9511053562164307
-2.9606356620788574
-2.9606356620788574
-2.9509410858154297
-2.9599852561950684
-2.9563512802124023
-2.9619171619415283
-2.961430549621582
-2.9481921195983887
-2.9613351821899414
-2.945417881011963
-2.945417881011963
-2.9501841068267822
-2.969703435897827
-3.337592601776123
-2.950326919555664
-2.9541947841644287
-2.9611380100250244
-2.950319290161133
-2.9522969722747803
-2.9522969722747803
-2.9602627754211426
-2.9624977111816406
-2.9500317573547363
-2.9566993713378906
-2.9519925117492676
-2.122805118560791
-0.9818061590194702
-1.681922197341919
-1.681922197341919
-2.0916478633880615
-2.427611827850342
-2.687760353088379
-2.1296234130859375
-2.2186646461486816
-2.4360663890838623
-2.338341236114502
-2.27839994430542
-2.27839994430542
-2.2618842124938965
-2.235407829284668
-2.2082433700561523
-6.2547760009765625
1.3576836585998535
1.1389482021331787
1.0430070161819458
1.4168915748596191
1.4168915748596191
0.9654791355133057
1.5448074340820312
1.2546265125274658
1.3241043090820312
1.272840142250061
-7.5316057205200195
-7.490060329437256
-7.867203235626221
-7.867203235626221
1.63661789894104
-7.575345039367676
-7.55267333984375
-7.437597274780273
-7.399327754974365
-7.45640754699707
-7.511209487915039
-7.440502166748047
-7.440502166748047
-7.48790168762207
-7.487274646759033
-7.519186019897461
-7.47316837310791
1.0730217695236206
-7.731372833251953
1.0876717567443848
0.9733633399009705
0.9733633399009705
1.0323195457458496
0.6442413926124573
0.9897549152374268
-7.56900691986084
-6.6024885177612305
-5.785650253295898
-5.873783111572266
-5.679878234863281
-5.679878234863281
-5.736781120300293
-7.437921047210693
1.7886852025985718
1.7658393383026123
1.5833094120025635
1.5801615715026855
1.305082082748413
0.6944276094436646
0.6944276094436646
0.7525789141654968
-8.289766311645508
1.0687549114227295
1.7594354152679443
-6.103520393371582
-1.9208215475082397
-1.9346472024917603
-2.630829095840454
-2.630829095840454
-2.8568639755249023
-2.877502918243408
-3.4328012466430664
-2.7331223487854004
-1.962909460067749
-1.85581374168396
-2.650545835494995
-2.6885554790496826
-2.6885554790496826
-1.70110023021698
-1.966054916381836
-2.611048698425293
-1.4598116874694824
-1.6484624147415161
-2.3394203186035156
-0.7154265642166138
-2.5655627250671387
-2.5655627250671387
-2.755215644836426
-3.4750614166259766
-2.854053020477295
-3.5040316581726074
-3.017721176147461
-2.9374756813049316
-2.9386746883392334
-2.9436302185058594
-2.9436302185058594
-2.9450724124908447
-2.9467434883117676
-2.9575300216674805
-2.951350212097168
-2.9542832374572754
-6.939170837402344
-8.899580001831055
1.11069655418396
1.11069655418396
1.1278026103973389
0.9061839580535889
-7.412779808044434
-7.426624298095703
1.0256061553955078
0.971947431564331
1.3145637512207031
1.0405267477035522
1.0405267477035522
0.7606897354125977
-7.156617641448975
-8.683619499206543
1.1235090494155884
-5.364831924438477
-6.3364129066467285
-7.341453552246094
-6.622161865234375
-6.622161865234375
-2.605712413787842
-2.145845651626587
-2.421689510345459
-2.1943864822387695
-1.9261579513549805
-1.6366419792175293
3.5735721588134766
-1.5197041034698486
-1.5197041034698486
3.3588922023773193
-3.835334300994873
-3.5742592811584473
3.317702531814575
-3.3358850479125977
-3.799772024154663
3.547295570373535
-2.5975964069366455
-2.5975964069366455
-3.5248074531555176
3.0677151679992676
-3.359544515609741
2.9812848567962646
-3.362147808074951
2.990334987640381
-3.623745918273926
3.191927671432495
3.191927671432495
-2.10736083984375
3.671067237854004
-3.6901755332946777
3.052053928375244
-3.292956829071045
2.9877777099609375
-3.3520002365112305
2.988593578338623
2.988593578338623
-3.3667144775390625
2.991579294204712
-3.3847575187683105
3.681075096130371
-2.3568124771118164
3.9116015434265137
-2.212268114089966
3.241161823272705
3.241161823272705
-3.2759265899658203
3.0000979900360107
-3.316556453704834
2.9839091300964355
-3.709703207015991
3.610588550567627
-3.208197593688965
3.1182522773742676
3.1182522773742676
-3.299295663833618
3.1340200901031494
-3.6331005096435547
-2.844078540802002
3.154667854309082
-3.555759906768799
-3.0566983222961426
-3.9666547775268555
-3.9666547775268555
3.4605860710144043
-3.336549758911133
-3.612765312194824
-3.5476441383361816
-3.0015807151794434
-2.287128210067749
-3.373340129852295
3.077899217605591
3.077899217605591
-3.2698187828063965
-2.7225852012634277
-8.95748519897461
1.0941745042800903
1.0899178981781006
-6.686349391937256
1.1304278373718262
1.0878149271011353
1.0878149271011353
-2.340846061706543
0.45746004581451416
-6.111279487609863
1.275306224822998
-2.3083629608154297
1.1731715202331543
-6.69986629486084
1.0930033922195435
1.0930033922195435
-5.998981475830078
0.8234273195266724
-6.206760883331299
1.0347840785980225
-6.669392108917236
-2.7533693313598633
-3.339545726776123
-2.8134958744049072
-2.8134958744049072
-2.227006435394287
-2.6924571990966797
-2.0457520484924316
-2.851624011993408
-2.809605598449707
-2.3804149627685547
-2.1608011722564697
-2.1481542587280273
-2.1481542587280273
-2.2635879516601562
-2.1808557510375977
-2.9659719467163086
-2.1978695392608643
-2.937391519546509
-2.9728190898895264
-2.986797332763672
-2.475346088409424
-2.475346088409424
-3.1205716133117676
-2.1404266357421875
-2.416351318359375
-2.655733585357666
-2.452519416809082
-2.219310998916626
-2.9246041774749756
-2.6584277153015137
-2.6584277153015137
-2.171151638031006
-2.1769485473632812
-2.2080249786376953
-2.179520606994629
-2.386937141418457
-2.214473247528076
1.420792579650879
-6.142277717590332
-6.142277717590332
1.1814156770706177
-6.873600006103516
1.301832914352417
-6.378205299377441
1.170170545578003
-6.010579586029053
1.4081252813339233
-6.017484188079834
-6.017484188079834
1.3918836116790771
1.0993945598602295
-2.0893619060516357
-6.2737016677856445
1.2859488725662231
1.5581600666046143
-7.137688636779785
-5.863205909729004
-5.863205909729004
-5.58868408203125
-2.014521360397339
-1.937793254852295
-2.9514918327331543
-2.758958578109741
4.25211238861084
-2.2717294692993164
4.460125923156738
4.460125923156738
-1.0440083742141724
4.35756778717041
-2.2921738624572754
-2.9609899520874023
-4.3139543533325195
3.5373620986938477
-3.4261293411254883
3.649045944213867
3.649045944213867
-3.4518675804138184
3.6312501430511475
-1.6803022623062134
-1.8468044996261597
-1.9977644681930542
-1.9120433330535889
-2.8997888565063477
-1.763142704963684
-1.763142704963684
-1.695446491241455
-1.7208218574523926
-1.7008018493652344
-0.5282657146453857
-1.6451274156570435
-1.8714079856872559
-2.898634910583496
-2.9524145126342773
-2.9524145126342773
-2.9516046047210693
-2.9470534324645996
-2.942880868911743
-2.2937474250793457
-1.7897462844848633
-2.942009925842285
-2.9490890502929688
-2.94523286819458
-2.94523286819458
-2.954310417175293
-2.9537806510925293
-2.9586288928985596
-2.9544248580932617
-2.961207389831543
-2.9526705741882324
-2.960805892944336
-2.9577479362487793
-2.9577479362487793
-2.9543652534484863
-2.948270320892334
-2.94827938079834
-2.964378833770752
-3.455564022064209
-2.9445624351501465
-2.941620111465454
-2.9586195945739746
-2.9586195945739746
-2.9612464904785156
-2.958888530731201
-3.2066469192504883
3.865051746368408
4.992397308349609
6.683956146240234
2.3217504024505615
-0.44541460275650024
-0.44541460275650024
-3.113823890686035
3.0244834423065186
2.9258413314819336
2.935251235961914
2.977936267852783
3.516915798187256
-3.405501127243042
-3.507941484451294
-3.507941484451294
-3.5128984451293945
-3.490086078643799
-6.936854362487793
1.075974702835083
0.9366482496261597
-6.667333602905273
1.1159547567367554
0.9682114124298096
0.9682114124298096
-6.6812591552734375
1.122612476348877
-6.662283897399902
1.0790553092956543
-6.659085273742676
1.0458812713623047
-6.646475791931152
1.0304806232452393
1.0304806232452393
-6.643922805786133
1.023200511932373
-6.6435747146606445
-2.9136710166931152
-2.9629878997802734
-2.963992118835449
-2.9636783599853516
-2.9556970596313477
-2.9556970596313477
-2.9582056999206543
-2.9641730785369873
-2.9687509536743164
-2.970975399017334
-2.964832305908203
-2.9653162956237793
-2.972964286804199
-3.1561830043792725
-3.1561830043792725
-2.963502883911133
-2.965688705444336
-2.8754048347473145
-3.6838181018829346
-3.8214683532714844
-3.2966198921203613
-2.7747750282287598
-2.410438060760498
-2.410438060760498
-2.1919445991516113
-2.1248488426208496
-2.264920711517334
-2.9486336708068848
-2.742617607116699
-2.379931688308716
-2.3227176666259766
-2.511826992034912
-2.511826992034912
-2.809587240219116
-2.4167373180389404
-2.8905372619628906
-2.5155153274536133
-2.753042697906494
1.2046666145324707
-6.806024551391602
1.0560953617095947
1.0560953617095947
-6.081498146057129
1.377699851989746
-6.824016571044922
1.0953174829483032
-8.808104515075684
1.0980255603790283
-6.688913345336914
1.1352704763412476
1.1352704763412476
1.0186370611190796
-6.695040702819824
1.1404385566711426
1.074758529663086
1.1056638956069946
1.1326534748077393
-8.885669708251953
-6.704568386077881
-6.704568386077881
-2.7950024604797363
-2.949288845062256
-2.7133355140686035
4.487396717071533
4.127897262573242
3.8171896934509277
4.457303047180176
-1.1968374252319336
-1.1968374252319336
3.0463643074035645
-3.271198272705078
-3.3305020332336426
2.9773383140563965
-3.2876224517822266
2.9707140922546387
-3.374558448791504
2.97767972946167
2.97767972946167
-3.0864157676696777
3.3101730346679688
5.50763463973999
5.565202713012695
3.003878116607666
-2.30741024017334
-3.4834208488464355
-3.504617691040039
-3.504617691040039
2.973587989807129
-2.7086496353149414
-2.904989242553711
-2.8916878700256348
-2.9077048301696777
-2.899954080581665
-2.909297466278076
-2.9055519104003906
-2.9055519104003906
-2.9125661849975586
-2.903003215789795
-2.91330623626709
-2.91330623626709
-2.909360885620117
-2.9057397842407227
-2.904402017593384
-2.9025540351867676
-2.9025540351867676
-2.919776201248169
-3.420431613922119
-2.8922195434570312
-2.911203384399414
-2.9133286476135254
-2.9071383476257324
-2.9149224758148193
-2.913022041320801
-2.913022041320801
-2.9055898189544678
-2.9039011001586914
-2.9096014499664307
-2.9048423767089844
-2.909411907196045
-2.913123846054077
-2.901808738708496
-2.9027323722839355
-2.9027323722839355
-2.915336847305298
-2.9066219329833984
-2.911268711090088
-3.4428586959838867
2.9749815464019775
-3.4152956008911133
2.974595546722412
-3.356400966644287
-3.356400966644287
2.9732208251953125
-3.32255482673645
2.972817897796631
-3.26070499420166
-3.288832426071167
2.9745333194732666
-3.254162549972534
-3.235605478286743
-3.235605478286743
-3.295764923095703
2.9698379039764404
3.0255746841430664
3.032454013824463
-2.8376269340515137
-2.960744619369507
-2.9466142654418945
-3.4722061157226562
-3.4722061157226562
-8.453542709350586
1.0452717542648315
-7.969934463500977
0.340358167886734
-6.314907073974609
0.47571685910224915
-6.399685859680176
0.8957239985466003
0.8957239985466003
-6.4981794357299805
1.1424063444137573
-6.710364818572998
1.1161210536956787
-6.702885150909424
-2.908613443374634
-2.9641098976135254
-2.962650775909424
-2.962650775909424
-2.961358070373535
-2.9696521759033203
-2.976116895675659
-5.203426837921143
-6.044102668762207
-6.788187026977539
-2.815782070159912
-5.776322364807129
-5.776322364807129
-2.180846929550171
-2.639413833618164
-2.9295897483825684
-2.9417357444763184
-2.9447832107543945
-2.9322357177734375
-2.937209129333496
-2.949657917022705
-2.949657917022705
-2.939767360687256
-2.9412312507629395
-2.945958137512207
-3.3140742778778076
-2.9293975830078125
-2.9404783248901367
-2.9323601722717285
-4.6219329833984375
-4.6219329833984375
-2.425396203994751
-2.8205254077911377
-2.893585681915283
-2.467114210128784
1.108377456665039
-2.390611171722412
-2.4424185752868652
1.0791962146759033
1.0791962146759033
-6.691822528839111
1.0947973728179932
-5.911597728729248
1.0244626998901367
-6.723127365112305
1.672565221786499
-2.066060781478882
1.6258913278579712
1.6258913278579712
1.136152982711792
-5.878260612487793
1.2329334020614624
0.9507533311843872
1.1574333906173706
0.8108349442481995
1.1243126392364502
1.2471439838409424
1.2471439838409424
-1.9397733211517334
-1.8835179805755615
-1.8670332431793213
-1.8796107769012451
-1.910776972770691
-1.4497122764587402
3.9995012283325195
-2.3506011962890625
-2.3506011962890625
3.8442845344543457
-1.9574544429779053
4.103473663330078
-2.790534496307373
-1.5896074771881104
-3.3734753131866455
3.561793327331543
-4.0084757804870605
-4.0084757804870605
3.0329904556274414
-3.84615159034729
3.6796116828918457
-1.1463578939437866
-1.6874072551727295
-2.8290140628814697
0.772598922252655
-1.8176419734954834
-1.8176419734954834
-2.947538375854492
-2.9353926181793213
-2.9334006309509277
-2.945577383041382
-2.9435369968414307
-2.956099033355713
-2.9655323028564453
-3.2494359016418457
-3.2494359016418457
-1.871135950088501
-2.905212879180908
-2.9462947845458984
-2.558760166168213
-2.9081382751464844
-2.8279290199279785
-2.791612148284912
-2.1097002029418945
-2.1097002029418945
-1.7682130336761475
-1.4826537370681763
-1.311173915863037
-1.4495916366577148
-2.316377639770508
-2.935774326324463
-2.462045669555664
-2.9470748901367188
-2.9470748901367188
-2.9315638542175293
-2.9420104026794434
-2.9400274753570557
-2.933335065841675
-3.654090166091919
2.9859771728515625
-3.7286291122436523
3.235197067260742
3.235197067260742
-3.21043062210083
3.70550537109375
-2.9946343898773193
3.5951809883117676
-3.7216427326202393
2.970503330230713
-3.297999382019043
-3.3258256912231445
-3.3258256912231445
3.4381847381591797
-3.2588491439819336
-3.265326738357544
-3.461350917816162
-3.666734218597412
-3.7324235439300537
3.1718153953552246
-2.0927605628967285
-2.0927605628967285
-2.3733677864074707
-2.6051056385040283
-2.869563341140747
-2.7135188579559326
0.9367238879203796
-7.777008056640625
1.4026386737823486
1.1332027912139893
1.1332027912139893
-5.980454444885254
1.084472894668579
-5.9367451667785645
0.9692790508270264
-6.800145626068115
0.9501962661743164
-5.985385894775391
1.1688936948776245
1.1688936948776245
-6.472777366638184
1.0966061353683472
-6.826347351074219
-2.9015870094299316
-2.963931083679199
-2.738832473754883
-2.9184412956237793
-2.315157413482666
-2.315157413482666
-2.726243495941162
-2.8148703575134277
-2.106720447540283
-2.589900493621826
-2.924708127975464
-3.850620985031128
-2.408527374267578
-2.7462894916534424
-2.7462894916534424
-2.8964219093322754
-2.090684413909912
-2.387629508972168
-2.233769655227661
-2.370086193084717
-2.4000706672668457
-2.134385108947754
-2.324336051940918
-2.324336051940918
-2.06963849067688
-2.0019211769104004
-2.2361526489257812
-2.0699329376220703
-2.702070713043213
-2.159492015838623
-2.3286635875701904
-2.704556465148926
-2.704556465148926
-2.330188274383545
-2.2187533378601074
-2.4753613471984863
-2.641636848449707
1.3053210973739624
-6.108706474304199
1.286224603652954
-6.057956695556641
-6.057956695556641
1.2828158140182495
-6.025611877441406
1.3047622442245483
-6.023975372314453
1.284421443939209
-5.978445529937744
1.3617405891418457
1.211803913116455
1.211803913116455
-2.1865763664245605
-6.208898067474365
1.5208091735839844
1.2451415061950684
1.2223769426345825
1.3641765117645264
1.5642485618591309
-5.838404178619385
-5.838404178619385
-1.8664004802703857
-1.8713279962539673
-2.9532625675201416
-1.6406760215759277
-1.6560766696929932
-1.4983092546463013
-1.8901573419570923
4.029850006103516
4.029850006103516
-1.6434844732284546
-1.9606139659881592
3.6603012084960938
-2.759019136428833
-1.8338717222213745
-1.672480583190918
-1.910646915435791
-1.6473863124847412
-1.6473863124847412
-1.8840829133987427
-1.8748977184295654
-1.7096410989761353
-1.8942428827285767
-1.7206532955169678
-2.866328477859497
-1.7508859634399414
-1.7217209339141846
-1.7217209339141846
-2.904250144958496
-2.9386839866638184
-2.9313507080078125
-2.9447550773620605
-2.8413610458374023
-1.7328627109527588
-2.8991007804870605
-2.9454002380371094
-2.9454002380371094
-2.8127036094665527
-2.9467077255249023
-1.5019934177398682
-1.796983003616333
-1.655268669128418
-1.768631935119629
-1.9009932279586792
-1.6578357219696045
-1.6578357219696045
-1.4605128765106201
-2.18878173828125
