0.5283451080322266
0.5283451080322266
0.49769723415374756
0.418636292219162
0.4510610103607178
0.5142707824707031
0.5115246772766113
0.5154781937599182
0.5150172710418701
0.5111918449401855
0.5111918449401855
0.5017191171646118
0.512462854385376
0.4937533140182495
0.4944727122783661
0.4632129669189453
0.45079660415649414
0.4295908212661743
0.4301471710205078
0.4301471710205078
0.41600680351257324
0.4347638487815857
0.4656425714492798
0.5076241493225098
0.5125499963760376
0.5178347826004028
0.5143162608146667
0.5039395689964294
0.5039395689964294
0.5006897449493408
0.32760027050971985
0.4693872034549713
0.523524820804596
0.4844650626182556
0.5166544914245605
0.4804212749004364
0.48847338557243347
0.48847338557243347
0.48348045349121094
0.48053044080734253
0.49775147438049316
0.5057885050773621
0.49322226643562317
0.49150586128234863
0.49874013662338257
0.4951525330543518
0.4951525330543518
0.4851152002811432
0.4915579855442047
0.5013667345046997
0.4779115915298462
0.4660731554031372
0.47828686237335205
0.4821462631225586
0.49641984701156616
0.49641984701156616
0.4747653603553772
0.4634937047958374
0.47557157278060913
0.4834272563457489
0.46935221552848816
0.4707121253013611
0.4910929799079895
0.45660287141799927
0.45660287141799927
0.5050534009933472
0.47065848112106323
0.48833349347114563
0.4725766181945801
0.48683786392211914
0.47214651107788086
0.495170533657074
0.4611031413078308
0.4611031413078308
0.48409658670425415
0.45890718698501587
0.4560854732990265
0.4473503828048706
0.4485718607902527
0.45913130044937134
0.4596119821071625
0.45315414667129517
0.45315414667129517
0.4417891502380371
0.44871458411216736
0.4522830843925476
0.45037150382995605
0.4398866593837738
0.4523433446884155
0.39123082160949707
0.4456685781478882
0.4456685781478882
0.4391211271286011
0.45406556129455566
0.4454207420349121
0.44361400604248047
0.4488900899887085
0.4370010495185852
0.4498891830444336
0.4525301456451416
0.4525301456451416
0.43899673223495483
0.43846791982650757
0.4347458481788635
0.45462465286254883
0.44702744483947754
0.447640597820282
0.4394497275352478
0.4376794099807739
0.4376794099807739
0.44164496660232544
0.4423770308494568
0.4423701763153076
0.4310269057750702
0.4278010129928589
0.440876841545105
0.44030314683914185
0.4371022880077362
0.4371022880077362
0.43687689304351807
0.43987345695495605
0.43940451741218567
0.43282485008239746
0.4318550229072571
0.4391428530216217
0.44333797693252563
0.4409444332122803
0.4409444332122803
0.43776458501815796
0.4301488995552063
0.4371342062950134
0.42919987440109253
0.4346761405467987
0.441153883934021
0.43985581398010254
0.4373784065246582
0.4373784065246582
0.4428223669528961
0.4349328279495239
0.4255731701850891
0.436697393655777
0.4365495443344116
0.4265897274017334
0.4385910630226135
0.4318527579307556
0.4318527579307556
0.4330635070800781
0.44181883335113525
0.4325242340564728
0.436368465423584
0.43650490045547485
0.43410468101501465
0.4234616160392761
0.4326461851596832
0.4326461851596832
0.4270228147506714
0.42201006412506104
0.440484881401062
0.42881348729133606
0.43493732810020447
0.42174869775772095
0.4282144010066986
0.43655091524124146
0.43655091524124146
0.43496060371398926
0.42743444442749023
0.4273616671562195
0.42636948823928833
0.43867307901382446
0.4227812588214874
0.4265492558479309
0.42556291818618774
0.42556291818618774
0.43631595373153687
0.43003952503204346
0.43373167514801025
0.4188549220561981
0.4310159683227539
0.4267805218696594
0.4285067319869995
0.4229928255081177
0.4229928255081177
0.43734776973724365
0.43770962953567505
0.42723023891448975
0.42417460680007935
0.42777466773986816
0.42989444732666016
0.4327034652233124
0.42551708221435547
0.42551708221435547
0.42328882217407227
0.4288996160030365
0.4224585294723511
0.41887030005455017
0.42701584100723267
0.43359673023223877
0.44125837087631226
0.43201950192451477
0.43201950192451477
0.4267089068889618
0.4307272434234619
0.41743776202201843
0.42518889904022217
0.4319331645965576
0.4255681335926056
0.4266052544116974
0.43755728006362915
0.43755728006362915
0.42537951469421387
0.4328998923301697
0.4262692332267761
0.4221820831298828
0.4287089705467224
0.4328541159629822
0.4346456527709961
0.11175103485584259
0.11175103485584259
-0.8166091442108154
0.5467550754547119
0.2194165140390396
0.4046142101287842
0.4268866777420044
0.4185732305049896
0.3888063430786133
-5.114789962768555
-5.114789962768555
2.132600784301758
2.0582447052001953
2.096285104751587
2.242555618286133
2.4464898109436035
0.80479496717453
2.3297460079193115
2.3327107429504395
2.3327107429504395
3.245917320251465
2.6872425079345703
3.3811349868774414
-4.786951541900635
-4.765560626983643
-4.690020561218262
-4.771276473999023
-5.050257682800293
-5.050257682800293
-5.98661994934082
-4.577165603637695
-4.636657238006592
-4.649727821350098
-4.56888484954834
-4.949017524719238
-4.704685211181641
-4.663792610168457
-4.663792610168457
-4.065682411193848
-4.6100664138793945
-5.034806251525879
3.446626901626587
2.506903886795044
2.2760114669799805
2.308852195739746
-0.17350006103515625
-0.17350006103515625
2.7967514991760254
2.5554656982421875
1.9746570587158203
2.5113744735717773
2.4382400512695312
2.606226921081543
-4.799447536468506
-4.960531234741211
-4.960531234741211
-4.295283317565918
-0.7531956434249878
0.5158854126930237
0.5016475319862366
0.4117977023124695
0.4762900769710541
0.49438291788101196
0.4181649684906006
0.4181649684906006
0.4676820933818817
0.8635251522064209
0.9086850881576538
0.41494667530059814
0.4018726348876953
0.4023752212524414
0.41422632336616516
0.4688417911529541
0.4688417911529541
0.45077604055404663
0.386557400226593
0.3721992075443268
0.28722795844078064
0.22810855507850647
0.19567903876304626
0.5029967427253723
0.4093904495239258
0.4093904495239258
0.42744332551956177
0.4916647672653198
0.4802759289741516
0.44069936871528625
0.4885009527206421
0.4839267134666443
0.486178994178772
0.437396764755249
0.437396764755249
0.4278298616409302
0.41247737407684326
0.417653352022171
0.3840748965740204
0.3871612250804901
0.1780763864517212
-0.05598919093608856
-0.10783827304840088
-0.10783827304840088
-0.12140484154224396
0.044009990990161896
0.21281489729881287
0.3839412331581116
0.247554212808609
0.10368230938911438
0.20037001371383667
0.37459373474121094
0.37459373474121094
0.36772480607032776
0.8502024412155151
0.2277253121137619
0.4005734324455261
0.3255103528499603
0.43440431356430054
0.32381027936935425
0.2624206244945526
0.2624206244945526
-0.31010162830352783
0.4518689513206482
-0.2684549391269684
0.41930317878723145
0.40930917859077454
0.43205055594444275
0.49765321612358093
0.5044153928756714
0.5044153928756714
0.47469502687454224
0.5205132961273193
6.803869247436523
-1.1197831630706787
-1.102204442024231
-1.498199462890625
4.923237323760986
-2.092437267303467
-2.092437267303467
-1.4904004335403442
-1.2932417392730713
-2.2804925441741943
0.37272289395332336
-1.2168139219284058
-1.0257956981658936
-1.0352269411087036
5.75980806350708
5.75980806350708
-0.909363329410553
-1.2436861991882324
5.760767936706543
-1.1543281078338623
5.278666019439697
-0.9952188730239868
5.691247940063477
-0.9692585468292236
-0.9692585468292236
5.705784797668457
-1.529801845550537
5.803122520446777
-1.032395839691162
6.376108169555664
-1.4179332256317139
5.772987365722656
-1.0445590019226074
-1.0445590019226074
5.766294002532959
-1.7029939889907837
0.48371270298957825
0.4565345048904419
-1.7072947025299072
5.36341667175293
-1.4736566543579102
5.742008209228516
5.742008209228516
-2.2881829738616943
5.738561630249023
-2.601010799407959
5.837884902954102
-2.0235140323638916
5.806385040283203
-1.772804617881775
5.832391262054443
5.832391262054443
-2.560060977935791
0.37487417459487915
-2.639645576477051
-1.2174160480499268
5.834988594055176
-2.561997175216675
-2.30124831199646
5.7985005378723145
5.7985005378723145
-1.9784371852874756
-2.4370460510253906
-1.6888186931610107
-1.7844798564910889
-1.2411446571350098
-1.2708735466003418
-2.3081767559051514
0.27812692523002625
0.27812692523002625
0.23746120929718018
0.19843928515911102
-5.303493976593018
2.1474905014038086
-5.778512001037598
2.3826398849487305
2.312235116958618
-4.8039021492004395
-4.8039021492004395
2.4513845443725586
2.7376275062561035
-4.764823913574219
1.7210423946380615
-4.871252536773682
3.3801231384277344
-5.0380659103393555
2.1830837726593018
2.1830837726593018
-0.009817507117986679
2.857238531112671
-4.8903913497924805
2.7969162464141846
-4.777495384216309
2.365267753601074
-4.782629013061523
0.265720009803772
0.265720009803772
0.45824676752090454
0.4476354718208313
-0.7749418616294861
-0.6211973428726196
0.4258367419242859
0.10177884995937347
-0.6665380001068115
-0.07365517318248749
-0.07365517318248749
-0.5047702789306641
-0.41569066047668457
0.45755964517593384
0.454977810382843
0.45659714937210083
0.4596508741378784
0.4679083824157715
0.4494538903236389
0.4494538903236389
0.44969725608825684
-0.17041529715061188
-1.0942775011062622
0.2836945056915283
-0.1692771166563034
-0.3357923626899719
-0.1699514389038086
-0.459567129611969
-0.459567129611969
0.43251097202301025
0.29651594161987305
0.35404494404792786
0.0211336687207222
-0.12806911766529083
0.10739505290985107
-0.06350833177566528
3.7209525108337402
3.7209525108337402
-4.992486000061035
3.3159894943237305
-4.756381034851074
3.5332932472229004
-4.708499908447266
3.6858015060424805
-4.861859321594238
3.407200336456299
3.407200336456299
-4.75193452835083
3.2189888954162598
3.496232509613037
0.2529175877571106
2.8442530632019043
3.2741410732269287
3.317089319229126
-4.775784492492676
-4.775784492492676
3.548266887664795
3.5684499740600586
3.4052162170410156
-4.591385364532471
0.08446325361728668
-0.1372990906238556
0.012255460023880005
0.3277670741081238
0.3277670741081238
0.3140419125556946
0.4487835466861725
5.8576741218566895
0.7170276641845703
6.059796333312988
0.5406873226165771
0.43089407682418823
-2.208491802215576
-2.208491802215576
5.152828693389893
-2.227116107940674
5.80815315246582
0.5934880375862122
0.3925434947013855
0.3908461630344391
0.30482181906700134
0.44325968623161316
0.44325968623161316
0.38931751251220703
0.2942568361759186
0.3752392828464508
0.8976386189460754
0.47271111607551575
0.271592915058136
0.2407608926296234
0.3905501365661621
0.3905501365661621
0.31553369760513306
0.3443392515182495
0.3509063720703125
0.5120888948440552
0.26475030183792114
0.41386905312538147
0.4243590235710144
0.42470669746398926
0.42470669746398926
0.4289378821849823
0.42703378200531006
0.42189061641693115
0.4335387349128723
0.4146605432033539
0.41655170917510986
0.42600926756858826
0.4241889715194702
0.4241889715194702
0.4127659499645233
0.41180723905563354
0.4214000999927521
0.42271021008491516
0.42329859733581543
0.42208242416381836
0.41941484808921814
0.42052289843559265
0.42052289843559265
0.42619168758392334
0.4248998165130615
0.42946040630340576
-1.1446242332458496
5.738020896911621
-1.1059648990631104
5.741477012634277
-1.0980844497680664
-1.0980844497680664
6.637567520141602
-1.097717523574829
6.157717704772949
2.87532901763916
4.275249481201172
1.4169059991836548
-2.7132577896118164
-1.1173405647277832
-1.1173405647277832
-0.9490073919296265
-0.9121766090393066
5.722250461578369
0.42178040742874146
-4.350647926330566
2.2008771896362305
-4.887381553649902
2.1639113426208496
2.1639113426208496
2.3369359970092773
-5.340286731719971
2.221818447113037
-4.894128799438477
2.21675443649292
-4.884474754333496
2.233920097351074
-4.883365631103516
-4.883365631103516
2.292818069458008
-4.8832621574401855
0.2697906792163849
0.46635451912879944
0.4738592803478241
0.4676598012447357
0.4710546135902405
0.4649074971675873
0.4649074971675873
0.4619985818862915
0.4730520248413086
0.46939557790756226
0.4781202971935272
0.46478819847106934
0.46692192554473877
0.45723050832748413
0.46427416801452637
0.46427416801452637
0.3155418634414673
-9.280547142028809
-5.817370414733887
-2.64650297164917
-2.43947434425354
-2.430778980255127
-2.180957317352295
0.3848069906234741
0.3848069906234741
0.42170006036758423
0.41875940561294556
0.43515533208847046
0.4351256787776947
0.418801873922348
0.4269973337650299
0.4249659776687622
0.4235895276069641
0.4235895276069641
0.42350244522094727
0.426576167345047
2.369493007659912
-4.867640495300293
2.3712551593780518
-4.869957447052002
2.3747036457061768
-4.866215705871582
-4.866215705871582
2.3032126426696777
-4.880902290344238
2.278043270111084
-4.868751525878906
2.2447333335876465
-4.867082595825195
2.259695529937744
-4.865411758422852
-4.865411758422852
2.23527455329895
-4.856626510620117
2.187025547027588
2.2569398880004883
-4.869734764099121
2.1795458793640137
2.1745309829711914
2.255120038986206
2.255120038986206
-4.8416032791137695
-4.877961158752441
-4.865901947021484
-5.552267551422119
0.28317195177078247
0.43051645159721375
0.33423537015914917
0.42861640453338623
0.42861640453338623
5.955609321594238
0.7230863571166992
0.4616249203681946
-1.3890690803527832
6.360624313354492
0.09605485200881958
5.269778728485107
-2.267784595489502
-2.267784595489502
0.4144233465194702
-1.2322072982788086
5.806295394897461
-1.185569405555725
6.927085876464844
0.5590810775756836
0.41057562828063965
0.35989683866500854
0.35989683866500854
2.2298481464385986
0.8356075286865234
0.3704112768173218
0.3296460211277008
0.4248291850090027
0.4132195711135864
0.43204474449157715
0.42178502678871155
0.42178502678871155
0.41654032468795776
0.42592960596084595
0.41506797075271606
0.41346275806427
0.41664743423461914
0.500108003616333
0.6432219743728638
0.6899898052215576
0.6899898052215576
0.44378626346588135
0.4887191653251648
0.4111265540122986
0.42599645256996155
0.4184407591819763
0.4196728765964508
0.4192163944244385
0.416587769985199
0.416587769985199
0.4143683910369873
0.41059839725494385
0.4155193567276001
0.4116128087043762
0.4172345995903015
0.41498738527297974
0.4034435451030731
0.3662148714065552
0.3662148714065552
-2.254149913787842
5.287508010864258
-1.363342523574829
5.543954849243164
-2.028756618499756
6.71580171585083
-1.1290581226348877
5.86305046081543
5.86305046081543
-0.9364544749259949
-1.0188407897949219
6.703265190124512
-0.9397506713867188
-0.999506950378418
-1.0933079719543457
6.936264991760254
5.758083343505859
5.758083343505859
5.697277069091797
5.277281761169434
4.796859264373779
-0.049779027700424194
-0.01977236568927765
0.2742463946342468
-5.040522575378418
2.282379388809204
2.282379388809204
-5.9810028076171875
2.190552234649658
2.803791046142578
-4.804834365844727
0.731610894203186
-4.904775619506836
2.2795066833496094
-5.411398887634277
-5.411398887634277
2.2494876384735107
-5.738095283508301
2.371621608734131
-5.388298034667969
2.675797700881958
-4.887840270996094
0.2523120939731598
-0.1947346329689026
-0.1947346329689026
-0.05501880124211311
-0.19550347328186035
-0.17557063698768616
0.22255390882492065
-1.0506782531738281
0.35286009311676025
0.4601275324821472
-0.11567099392414093
-0.11567099392414093
-0.7553577423095703
0.43412521481513977
0.40390145778656006
-0.49542275071144104
0.4512101411819458
0.4726802110671997
0.4376892149448395
