0.00016361474990844727 	-23.73572540283203 	-13.128082275390625 	0.7897878289222717
0.00016361474990844727 	-23.73572540283203 	-13.128082275390625 	0.7897878289222717
1.7051007747650146 	-23.68457794189453 	-13.104833602905273 	0.7903538942337036
-0.5631079077720642 	-23.864463806152344 	-13.321329116821289 	0.7907816767692566
-0.5631079077720642 	-23.864463806152344 	-13.321329116821289 	0.7907816767692566
-0.005193114280700684 	-23.58542251586914 	-13.100399017333984 	0.7911884784698486
-0.14870700240135193 	-23.810909271240234 	-13.245158195495605 	0.7915539741516113
-0.14870700240135193 	-23.810909271240234 	-13.245158195495605 	0.7915539741516113
-0.10456657409667969 	-23.68927574157715 	-13.09121322631836 	0.7918707132339478
-0.09828072786331177 	-23.722797393798828 	-13.129297256469727 	0.7921628952026367
-0.09828072786331177 	-23.722797393798828 	-13.129297256469727 	0.7921628952026367
-0.10428079962730408 	-23.712997436523438 	-13.10285472869873 	0.7924221158027649
-0.09417155385017395 	-23.71435546875 	-13.095087051391602 	0.7926583290100098
-0.09417155385017395 	-23.71435546875 	-13.095087051391602 	0.7926583290100098
-0.08914482593536377 	-23.717079162597656 	-13.092105865478516 	0.7928528189659119
-0.07350856065750122 	-23.71262550354004 	-13.099627494812012 	0.7930266261100769
-0.07350856065750122 	-23.71262550354004 	-13.099627494812012 	0.7930266261100769
-0.06357505917549133 	-23.714218139648438 	-13.099065780639648 	0.7931879758834839
-0.08299711346626282 	-23.715293884277344 	-13.16519832611084 	0.7933312058448792
-0.08299711346626282 	-23.715293884277344 	-13.16519832611084 	0.7933312058448792
-0.0680905282497406 	-23.470029830932617 	-12.934307098388672 	0.7934501767158508
-0.05295887589454651 	-23.3883056640625 	-13.040119171142578 	0.7935500741004944
-0.05295887589454651 	-23.3883056640625 	-13.040119171142578 	0.7935500741004944
-0.05497977137565613 	-23.352825164794922 	-13.067296028137207 	0.793641209602356
-0.05574524402618408 	-23.239059448242188 	-12.996490478515625 	0.7937077879905701
-0.05574524402618408 	-23.239059448242188 	-12.996490478515625 	0.7937077879905701
-0.03497666120529175 	-23.22408676147461 	-13.024490356445312 	0.7937643527984619
-0.037531137466430664 	-23.160751342773438 	-13.00503921508789 	0.7938014268875122
-0.037531137466430664 	-23.160751342773438 	-13.00503921508789 	0.7938014268875122
-0.026600956916809082 	-23.1460018157959 	-13.035816192626953 	0.7938323616981506
-0.03437846899032593 	-23.12776756286621 	-13.034528732299805 	0.793857991695404
-0.03437846899032593 	-23.12776756286621 	-13.034528732299805 	0.793857991695404
-0.0260695219039917 	-23.430099487304688 	-13.215714454650879 	0.7938702702522278
-0.03233039379119873 	-22.981918334960938 	-12.991594314575195 	0.7938750386238098
-0.03233039379119873 	-22.981918334960938 	-12.991594314575195 	0.7938750386238098
-0.022643327713012695 	-23.410236358642578 	-13.288729667663574 	0.7938705682754517
-0.023382365703582764 	-23.204193115234375 	-13.126256942749023 	0.7938511371612549
-0.023382365703582764 	-23.204193115234375 	-13.126256942749023 	0.7938511371612549
-0.015177130699157715 	-23.261011123657227 	-13.17941951751709 	0.7938346862792969
-0.02336752414703369 	-23.231754302978516 	-13.15328598022461 	0.7938050031661987
-0.02336752414703369 	-23.231754302978516 	-13.15328598022461 	0.7938050031661987
-0.0030248165130615234 	-23.249181747436523 	-13.169623374938965 	0.7937787175178528
-0.028278708457946777 	-23.248111724853516 	-13.15964126586914 	0.7937370538711548
-0.028278708457946777 	-23.248111724853516 	-13.15964126586914 	0.7937370538711548
0.007551610469818115 	-23.206344604492188 	-13.144411087036133 	0.7936925888061523
-0.019629359245300293 	-23.299869537353516 	-13.200233459472656 	0.7936375737190247
-0.019629359245300293 	-23.299869537353516 	-13.200233459472656 	0.7936375737190247
0.008371591567993164 	-23.139301300048828 	-13.19528865814209 	0.793586254119873
-0.024201154708862305 	-23.11825180053711 	-13.213587760925293 	0.7935343980789185
-0.024201154708862305 	-23.11825180053711 	-13.213587760925293 	0.7935343980789185
-0.01108020544052124 	-23.14696502685547 	-13.836612701416016 	0.7934664487838745
0.018958598375320435 	-23.143999099731445 	-13.925212860107422 	0.7933992147445679
0.018958598375320435 	-23.143999099731445 	-13.925212860107422 	0.7933992147445679
-0.015144199132919312 	-23.253816604614258 	-14.024565696716309 	0.7933353185653687
-0.012414127588272095 	-23.027629852294922 	-13.7574462890625 	0.793264627456665
-0.012414127588272095 	-23.027629852294922 	-13.7574462890625 	0.793264627456665
0.012022256851196289 	-23.263986587524414 	-14.024900436401367 	0.7931870222091675
0.006678104400634766 	-23.174373626708984 	-13.902074813842773 	0.7931084632873535
0.006678104400634766 	-23.174373626708984 	-13.902074813842773 	0.7931084632873535
-0.0063613057136535645 	-23.21337127685547 	-13.91071891784668 	0.7930318713188171
0.002103179693222046 	-23.06210708618164 	-13.850931167602539 	0.7929418087005615
0.002103179693222046 	-23.06210708618164 	-13.850931167602539 	0.7929418087005615
0.010505706071853638 	-23.30678939819336 	-14.018903732299805 	0.7928594946861267
-0.013635993003845215 	-23.04009246826172 	-13.825075149536133 	0.7927589416503906
-0.013635993003845215 	-23.04009246826172 	-13.825075149536133 	0.7927589416503906
0.0362609326839447 	-23.24578094482422 	-13.99355697631836 	0.7926721572875977
-0.02268245816230774 	-23.20328140258789 	-13.923469543457031 	0.7925840616226196
-0.02268245816230774 	-23.20328140258789 	-13.923469543457031 	0.7925840616226196
0.007280915975570679 	-23.155738830566406 	-13.872953414916992 	0.7924861907958984
0.02001410722732544 	-23.169185638427734 	-13.90770435333252 	0.792377233505249
0.02001410722732544 	-23.169185638427734 	-13.90770435333252 	0.792377233505249
0.004917711019515991 	-23.190269470214844 	-13.92560863494873 	0.7922827005386353
-0.012868434190750122 	-23.080270767211914 	-13.872709274291992 	0.792175829410553
-0.012868434190750122 	-23.080270767211914 	-13.872709274291992 	0.792175829410553
0.03271177411079407 	-23.238195419311523 	-13.995044708251953 	0.7920753359794617
-0.012460291385650635 	-23.191226959228516 	-13.928070068359375 	0.7919676899909973
-0.012460291385650635 	-23.191226959228516 	-13.928070068359375 	0.7919676899909973
0.022115558385849 	-23.159828186035156 	-13.888715744018555 	0.791851282119751
0.009342044591903687 	-23.158435821533203 	-13.92485237121582 	0.7917493581771851
0.009342044591903687 	-23.158435821533203 	-13.92485237121582 	0.7917493581771851
-0.017919689416885376 	-23.158119201660156 	-13.925817489624023 	0.7916356921195984
0.03346496820449829 	-23.19231414794922 	-13.936546325683594 	0.7915224432945251
0.03346496820449829 	-23.19231414794922 	-13.936546325683594 	0.7915224432945251
-0.006805509328842163 	-23.175472259521484 	-13.932907104492188 	0.7913976907730103
0.024006366729736328 	-23.168498992919922 	-13.90450668334961 	0.7912786602973938
0.024006366729736328 	-23.168498992919922 	-13.90450668334961 	0.7912786602973938
0.0032518208026885986 	-23.144344329833984 	-13.927133560180664 	0.7911706566810608
-0.015311241149902344 	-23.19454574584961 	-13.946844100952148 	0.7910536527633667
-0.015311241149902344 	-23.19454574584961 	-13.946844100952148 	0.7910536527633667
0.019054144620895386 	-23.164138793945312 	-13.922487258911133 	0.7909255027770996
0.02726861834526062 	-23.16776466369629 	-13.924722671508789 	0.7908138632774353
0.02726861834526062 	-23.16776466369629 	-13.924722671508789 	0.7908138632774353
-0.024444133043289185 	-23.1994686126709 	-13.94493293762207 	0.7906808853149414
0.046105921268463135 	-23.152202606201172 	-13.879196166992188 	0.7905498147010803
0.046105921268463135 	-23.152202606201172 	-13.879196166992188 	0.7905498147010803
-0.01878899335861206 	-23.22089385986328 	-13.950246810913086 	0.7904161214828491
0.02999556064605713 	-23.13116455078125 	-13.856841087341309 	0.7902868986129761
0.02999556064605713 	-23.13116455078125 	-13.856841087341309 	0.7902868986129761
0.003364652395248413 	-23.139026641845703 	-13.9310302734375 	0.7901560068130493
-0.0006112456321716309 	-23.195194244384766 	-13.949945449829102 	0.7900248765945435
-0.0006112456321716309 	-23.195194244384766 	-13.949945449829102 	0.7900248765945435
0.010580360889434814 	-23.15990447998047 	-13.925878524780273 	0.7898937463760376
0.009021371603012085 	-23.16701889038086 	-13.931873321533203 	0.7897632122039795
0.009021371603012085 	-23.16701889038086 	-13.931873321533203 	0.7897632122039795
-1.5079975128173828e-05 	-23.16744613647461 	-13.932744979858398 	0.7896245121955872
0.020899683237075806 	-23.165342330932617 	-13.929668426513672 	0.7894863486289978
0.020899683237075806 	-23.165342330932617 	-13.929668426513672 	0.7894863486289978
0.005776196718215942 	-23.16669464111328 	-13.93347454071045 	0.7893543243408203
-0.008905082941055298 	-23.167415618896484 	-13.937650680541992 	0.7892139554023743
-0.008905082941055298 	-23.167415618896484 	-13.937650680541992 	0.7892139554023743
0.022948920726776123 	-23.16507339477539 	-13.930137634277344 	0.7890805006027222
-0.0009931623935699463 	-23.16617202758789 	-13.936775207519531 	0.7889364957809448
-0.0009931623935699463 	-23.16617202758789 	-13.936775207519531 	0.7889364957809448
0.013528406620025635 	-23.165224075317383 	-13.932573318481445 	0.7888001203536987
-0.0003509819507598877 	-23.166244506835938 	-13.93719482421875 	0.7886511087417603
-0.0003509819507598877 	-23.166244506835938 	-13.93719482421875 	0.7886511087417603
0.022514134645462036 	-23.163925170898438 	-13.93165397644043 	0.7885096669197083
0.0001754164695739746 	-23.165849685668945 	-13.938465118408203 	0.7883625030517578
0.0001754164695739746 	-23.165849685668945 	-13.938465118408203 	0.7883625030517578
0.010593026876449585 	-23.164382934570312 	-13.936304092407227 	0.7882170677185059
-0.7001953125 	-22.219764709472656 	-11.906197547912598 	0.788070797920227
-0.7001953125 	-22.219764709472656 	-11.906197547912598 	0.788070797920227
-1.899783968925476 	-22.84832000732422 	-6.462543487548828 	0.7880271077156067
-1.5648365020751953 	-22.825225830078125 	-2.2483060359954834 	0.7880480289459229
-1.5648365020751953 	-22.825225830078125 	-2.2483060359954834 	0.7880480289459229
-0.9991496205329895 	-22.70107650756836 	-5.052255153656006 	0.7880804538726807
-0.25201812386512756 	-22.37210464477539 	-12.828191757202148 	0.7880939245223999
-0.25201812386512756 	-22.37210464477539 	-12.828191757202148 	0.7880939245223999
-0.12770158052444458 	-22.697582244873047 	-14.223373413085938 	0.7880848050117493
-0.3559679388999939 	-22.65193748474121 	-14.539708137512207 	0.788074791431427
-0.3559679388999939 	-22.65193748474121 	-14.539708137512207 	0.788074791431427
-0.7487713098526001 	-22.424766540527344 	-9.171606063842773 	0.7880560159683228
-0.7202202081680298 	-22.44748306274414 	-13.302520751953125 	0.7880420088768005
-0.7202202081680298 	-22.44748306274414 	-13.302520751953125 	0.7880420088768005
-0.33594709634780884 	-22.22004508972168 	-10.707860946655273 	0.788020670413971
-0.6042696833610535 	-22.33553695678711 	-12.611553192138672 	0.7879951000213623
-0.6042696833610535 	-22.33553695678711 	-12.611553192138672 	0.7879951000213623
-0.31871992349624634 	-22.088878631591797 	-10.818451881408691 	0.787962794303894
-0.6572277545928955 	-22.18695640563965 	-12.449323654174805 	0.7879331707954407
-0.6572277545928955 	-22.18695640563965 	-12.449323654174805 	0.7879331707954407
-0.3321273922920227 	-21.95172119140625 	-8.901908874511719 	0.7879027128219604
-0.6870553493499756 	-22.103919982910156 	-10.703360557556152 	0.7878738641738892
-0.6870553493499756 	-22.103919982910156 	-10.703360557556152 	0.7878738641738892
-0.9072154760360718 	-22.13443374633789 	-11.017945289611816 	0.7878485321998596
-0.8124715685844421 	-21.984052658081055 	-7.9398603439331055 	0.7878209352493286
-0.8124715685844421 	-21.984052658081055 	-7.9398603439331055 	0.7878209352493286
-0.8804927468299866 	-22.099102020263672 	-10.244865417480469 	0.7877997756004333
-0.6195597052574158 	-21.97775650024414 	-6.087859630584717 	0.7877811789512634
-0.6195597052574158 	-21.97775650024414 	-6.087859630584717 	0.7877811789512634
-0.7566843628883362 	-22.021846771240234 	-8.330854415893555 	0.7877563834190369
-0.5620836019515991 	-21.93221664428711 	-6.155075550079346 	0.7877328991889954
-0.5620836019515991 	-21.93221664428711 	-6.155075550079346 	0.7877328991889954
-0.7327627539634705 	-22.02460479736328 	-8.117486953735352 	0.7877054810523987
-0.9937020540237427 	-22.040454864501953 	-8.107304573059082 	0.7876850366592407
-0.9937020540237427 	-22.040454864501953 	-8.107304573059082 	0.7876850366592407
-0.6466378569602966 	-21.938541412353516 	-4.6267218589782715 	0.7876604795455933
-0.8107191920280457 	-21.945995330810547 	-6.012377738952637 	0.787635862827301
-0.8107191920280457 	-21.945995330810547 	-6.012377738952637 	0.787635862827301
-0.5329446196556091 	-21.90025520324707 	-4.742229461669922 	0.7876104712486267
-0.7136343121528625 	-21.943328857421875 	-6.241064071655273 	0.7875875234603882
-0.7136343121528625 	-21.943328857421875 	-6.241064071655273 	0.7875875234603882
-0.9183521270751953 	-21.971254348754883 	-6.36155891418457 	0.7875667214393616
-1.094809889793396 	-21.969099044799805 	-6.342919826507568 	0.7875488996505737
-1.094809889793396 	-21.969099044799805 	-6.342919826507568 	0.7875488996505737
-1.213814377784729 	-21.970378875732422 	-6.222248077392578 	0.7875385880470276
-0.6357937455177307 	-21.897994995117188 	-3.5480031967163086 	0.7875227332115173
-0.6357937455177307 	-21.897994995117188 	-3.5480031967163086 	0.7875227332115173
-0.7585417628288269 	-21.9044189453125 	-4.681621551513672 	0.7875032424926758
-0.386475533246994 	-21.871009826660156 	-3.706031322479248 	0.78748619556427
-0.386475533246994 	-21.871009826660156 	-3.706031322479248 	0.78748619556427
-0.5220314860343933 	-21.900373458862305 	-4.4460039138793945 	0.7874657511711121
-0.7005316019058228 	-21.919635772705078 	-4.5828857421875 	0.7874391674995422
-0.7005316019058228 	-21.919635772705078 	-4.5828857421875 	0.7874391674995422
-0.9191386699676514 	-21.926605224609375 	-4.509402275085449 	0.7874205112457275
-1.065086841583252 	-21.92581558227539 	-4.416893005371094 	0.7874070405960083
-1.065086841583252 	-21.92581558227539 	-4.416893005371094 	0.7874070405960083
-1.1588311195373535 	-21.926025390625 	-4.339536190032959 	0.7873980402946472
-1.2086155414581299 	-21.921367645263672 	-4.364101886749268 	0.787397027015686
-1.2086155414581299 	-21.921367645263672 	-4.364101886749268 	0.787397027015686
-1.1953166723251343 	-21.918167114257812 	-4.3877973556518555 	0.7874022722244263
-1.1323370933532715 	-21.917781829833984 	-4.372814655303955 	0.7874088883399963
-1.1323370933532715 	-21.917781829833984 	-4.372814655303955 	0.7874088883399963
-1.0623219013214111 	-21.91750717163086 	-4.361805438995361 	0.7874152660369873
-0.9964006543159485 	-21.917377471923828 	-4.364630222320557 	0.7874235510826111
-0.9964006543159485 	-21.917377471923828 	-4.364630222320557 	0.7874235510826111
-0.9198326468467712 	-21.917253494262695 	-4.331608772277832 	0.7874311208724976
-0.8476857542991638 	-21.920482635498047 	-4.273777008056641 	0.7874387502670288
-0.8476857542991638 	-21.920482635498047 	-4.273777008056641 	0.7874387502670288
-0.7849385142326355 	-21.92142105102539 	-4.154760360717773 	0.7874460220336914
-0.7281206846237183 	-21.917236328125 	-4.118821144104004 	0.7874472737312317
-0.7281206846237183 	-21.917236328125 	-4.118821144104004 	0.7874472737312317
-0.7130667567253113 	-21.922107696533203 	-4.097301483154297 	0.7874449491500854
-0.7313376069068909 	-21.92490005493164 	-4.040641784667969 	0.7874473333358765
-0.7313376069068909 	-21.92490005493164 	-4.040641784667969 	0.7874473333358765
-0.7114450931549072 	-21.919662475585938 	-4.014429092407227 	0.7874506711959839
-0.6853548884391785 	-21.91457176208496 	-4.084685325622559 	0.7874516248703003
-0.6853548884391785 	-21.91457176208496 	-4.084685325622559 	0.7874516248703003
-0.6770471334457397 	-21.919185638427734 	-4.083366394042969 	0.7874515056610107
-0.6770297288894653 	-21.925899505615234 	-3.9845776557922363 	0.7874482870101929
-0.6770297288894653 	-21.925899505615234 	-3.9845776557922363 	0.7874482870101929
-0.6982525587081909 	-21.924949645996094 	-3.9383835792541504 	0.7874441146850586
-0.7274725437164307 	-21.925539016723633 	-3.8850536346435547 	0.787445068359375
-0.7274725437164307 	-21.925539016723633 	-3.8850536346435547 	0.787445068359375
-0.7142033576965332 	-21.916749954223633 	-3.9532456398010254 	0.7874460816383362
-0.7039396166801453 	-21.91683006286621 	-4.019672393798828 	0.7874521017074585
-0.7039396166801453 	-21.91683006286621 	-4.019672393798828 	0.7874521017074585
-0.6531436443328857 	-21.911319732666016 	-4.114137172698975 	0.7874568104743958
-0.6166282892227173 	-21.914196014404297 	-4.157915115356445 	0.7874578237533569
-0.6166282892227173 	-21.914196014404297 	-4.157915115356445 	0.7874578237533569
-0.6066734790802002 	-21.92659568786621 	-4.026006698608398 	0.7874549627304077
-0.6270824074745178 	-21.924793243408203 	-3.9723706245422363 	0.7874519228935242
-0.6270824074745178 	-21.924793243408203 	-3.9723706245422363 	0.7874519228935242
-0.6474473476409912 	-21.919246673583984 	-3.995330333709717 	0.7874511480331421
-0.6525667309761047 	-21.920486450195312 	-3.989071846008301 	0.7874523401260376
-0.6525667309761047 	-21.920486450195312 	-3.989071846008301 	0.7874523401260376
-0.6393217444419861 	-21.913227081298828 	-4.092557430267334 	0.7874555587768555
-0.6149205565452576 	-21.918807983398438 	-4.050495147705078 	0.7874614000320435
-0.6149205565452576 	-21.918807983398438 	-4.050495147705078 	0.7874614000320435
-0.5655621886253357 	-21.910905838012695 	-4.136404037475586 	0.7874635457992554
-0.5535527467727661 	-21.921283721923828 	-4.072522163391113 	0.7874631285667419
-0.5535527467727661 	-21.921283721923828 	-4.072522163391113 	0.7874631285667419
-0.5535871982574463 	-21.919036865234375 	-4.074851989746094 	0.7874581813812256
-0.5942870378494263 	-21.927013397216797 	-3.9731266498565674 	0.7874569296836853
-0.5942870378494263 	-21.927013397216797 	-3.9731266498565674 	0.7874569296836853
-0.6010017991065979 	-21.915794372558594 	-4.027125835418701 	0.7874531149864197
-0.6285971403121948 	-21.923171997070312 	-3.988607883453369 	0.7874526381492615
-0.6285971403121948 	-21.923171997070312 	-3.988607883453369 	0.7874526381492615
-0.6294525861740112 	-21.920808792114258 	-3.9645514488220215 	0.787452220916748
-0.6260107755661011 	-21.91413116455078 	-4.076399326324463 	0.7874532341957092
-0.6260107755661011 	-21.91413116455078 	-4.076399326324463 	0.7874532341957092
-0.6163369417190552 	-21.918384552001953 	-4.069122314453125 	0.7874581813812256
-0.5751253962516785 	-21.913963317871094 	-4.112321376800537 	0.7874607443809509
-0.5751253962516785 	-21.913963317871094 	-4.112321376800537 	0.7874607443809509
-0.5557514429092407 	-21.914350509643555 	-4.1508917808532715 	0.7874678373336792
-0.503168523311615 	-21.914081573486328 	-4.133686542510986 	0.7874694466590881
-0.503168523311615 	-21.914081573486328 	-4.133686542510986 	0.7874694466590881
-0.49250528216362 	-21.913665771484375 	-4.185111999511719 	0.7874679565429688
-0.5055978298187256 	-21.926685333251953 	-4.050704002380371 	0.7874619960784912
-0.5055978298187256 	-21.926685333251953 	-4.050704002380371 	0.7874619960784912
-0.5542515516281128 	-21.924348831176758 	-3.9994421005249023 	0.7874603867530823
-0.5664400458335876 	-21.919099807739258 	-3.983668804168701 	0.7874575853347778
-0.5664400458335876 	-21.919099807739258 	-3.983668804168701 	0.7874575853347778
-0.5834939479827881 	-21.917160034179688 	-4.045078277587891 	0.7874575257301331
-0.5851637721061707 	-21.915950775146484 	-4.078204154968262 	0.7874591946601868
-0.5851637721061707 	-21.915950775146484 	-4.078204154968262 	0.7874591946601868
-0.5699502229690552 	-21.91828155517578 	-4.076376914978027 	0.7874574065208435
-0.5787423849105835 	-21.921279907226562 	-4.037886142730713 	0.787459135055542
-0.5787423849105835 	-21.921279907226562 	-4.037886142730713 	0.787459135055542
-0.5630214214324951 	-21.913570404052734 	-4.112524509429932 	0.7874597311019897
-0.5579801797866821 	-21.915285110473633 	-4.155424118041992 	0.7874634265899658
-0.5579801797866821 	-21.915285110473633 	-4.155424118041992 	0.7874634265899658
-0.5284256935119629 	-21.913253784179688 	-4.185009479522705 	0.7874642014503479
-0.5230413675308228 	-21.914749145507812 	-4.2148566246032715 	0.7874704599380493
-0.5230413675308228 	-21.914749145507812 	-4.2148566246032715 	0.7874704599380493
-0.4760249853134155 	-21.911664962768555 	-4.225296497344971 	0.7874748110771179
-0.4506516754627228 	-21.91485023498535 	-4.201477527618408 	0.7874739766120911
-0.4506516754627228 	-21.91485023498535 	-4.201477527618408 	0.7874739766120911
-0.45761406421661377 	-21.920822143554688 	-4.14707612991333 	0.7874696254730225
-0.49672091007232666 	-21.922992706298828 	-4.072840213775635 	0.7874617576599121
-0.49672091007232666 	-21.922992706298828 	-4.072840213775635 	0.7874617576599121
-0.5578725934028625 	-21.923812866210938 	-4.032114505767822 	0.7874624133110046
-0.5559682846069336 	-21.9156436920166 	-4.027981281280518 	0.7874587774276733
-0.5559682846069336 	-21.9156436920166 	-4.027981281280518 	0.7874587774276733
-0.5809062123298645 	-21.92139434814453 	-4.012782096862793 	0.787460207939148
-0.5688276886940002 	-21.9154109954834 	-4.037881374359131 	0.7874585390090942
-0.5688276886940002 	-21.9154109954834 	-4.037881374359131 	0.7874585390090942
-0.5790612101554871 	-21.9235782623291 	-3.983366012573242 	0.787461519241333
-0.5523199439048767 	-21.910133361816406 	-4.09766149520874 	0.7874605655670166
-0.5523199439048767 	-21.910133361816406 	-4.09766149520874 	0.7874605655670166
-0.5584709048271179 	-21.9213809967041 	-4.0581231117248535 	0.7874627709388733
-0.5386091470718384 	-21.913007736206055 	-4.125243663787842 	0.787462055683136
-0.5386091470718384 	-21.913007736206055 	-4.125243663787842 	0.787462055683136
-0.5440849661827087 	-21.92181396484375 	-4.063440322875977 	0.7874589562416077
-0.5644825100898743 	-21.917236328125 	-4.115296840667725 	0.7874619364738464
-0.5644825100898743 	-21.917236328125 	-4.115296840667725 	0.7874619364738464
-0.5437960624694824 	-21.917991638183594 	-4.071759223937988 	0.7874609231948853
-0.5470940470695496 	-21.916168212890625 	-4.135727405548096 	0.7874585390090942
-0.5470940470695496 	-21.916168212890625 	-4.135727405548096 	0.7874585390090942
-0.5671988725662231 	-21.923694610595703 	-4.041159629821777 	0.7874616384506226
-0.5412502288818359 	-21.914695739746094 	-4.060941696166992 	0.7874606847763062
-0.5412502288818359 	-21.914695739746094 	-4.060941696166992 	0.7874606847763062
-0.5405519604682922 	-21.92893409729004 	-3.9692792892456055 	0.7874625325202942
-0.5304659605026245 	-21.931941986083984 	-3.784198760986328 	0.7874642610549927
-0.5304659605026245 	-21.931941986083984 	-3.784198760986328 	0.7874642610549927
-0.5172404050827026 	-21.944265365600586 	-3.455129623413086 	0.7874711751937866
-0.47281205654144287 	-21.942195892333984 	-3.1491146087646484 	0.7874724864959717
-0.47281205654144287 	-21.942195892333984 	-3.1491146087646484 	0.7874724864959717
-0.45822882652282715 	-21.951900482177734 	-2.8538718223571777 	0.7874665260314941
-0.5005710124969482 	-21.972593307495117 	-2.3411900997161865 	0.7874621748924255
-0.5005710124969482 	-21.972593307495117 	-2.3411900997161865 	0.7874621748924255
-0.47685933113098145 	-22.109027862548828 	0.7195068597793579 	0.7874631881713867
-0.32722756266593933 	-23.157621383666992 	4.1331048011779785 	0.787469744682312
-0.32722756266593933 	-23.157621383666992 	4.1331048011779785 	0.787469744682312
-0.24191753566265106 	-22.90717887878418 	3.923888921737671 	0.7874930500984192
-0.20845285058021545 	-21.955638885498047 	1.0580073595046997 	0.7875097990036011
-0.20845285058021545 	-21.955638885498047 	1.0580073595046997 	0.7875097990036011
-0.04950860142707825 	-22.71474838256836 	-3.812931537628174 	0.7875316739082336
-0.0329965278506279 	-22.579631805419922 	0.1287437081336975 	0.7875340580940247
-0.0329965278506279 	-22.579631805419922 	0.1287437081336975 	0.7875340580940247
0.006822556257247925 	-22.506591796875 	-4.786655426025391 	0.787530243396759
-0.00782683677971363 	-22.454753875732422 	0.4729142189025879 	0.7875123023986816
-0.00782683677971363 	-22.454753875732422 	0.4729142189025879 	0.7875123023986816
-0.13488562405109406 	-20.716957092285156 	-2.234534502029419 	0.7875087857246399
-0.20090201497077942 	-21.832355499267578 	-2.716193675994873 	0.787497341632843
-0.20090201497077942 	-21.832355499267578 	-2.716193675994873 	0.787497341632843
-0.2660478949546814 	-21.954341888427734 	-2.4091298580169678 	0.7874915599822998
-0.3319135010242462 	-21.969451904296875 	-1.9802809953689575 	0.787478506565094
-0.3319135010242462 	-21.969451904296875 	-1.9802809953689575 	0.787478506565094
-0.40796661376953125 	-21.974777221679688 	-1.4582144021987915 	0.7874677181243896
-0.47449517250061035 	-21.973140716552734 	-1.115625262260437 	0.7874674201011658
-0.47449517250061035 	-21.973140716552734 	-1.115625262260437 	0.7874674201011658
-0.46989086270332336 	-21.95245933532715 	-1.1497139930725098 	0.7874730229377747
-0.41457101702690125 	-21.93275260925293 	-1.4629771709442139 	0.7874777317047119
-0.41457101702690125 	-21.93275260925293 	-1.4629771709442139 	0.7874777317047119
-0.3568496108055115 	-21.930519104003906 	-1.7744594812393188 	0.7874863147735596
-0.29482030868530273 	-21.926074981689453 	-2.136401653289795 	0.787494957447052
-0.29482030868530273 	-21.926074981689453 	-2.136401653289795 	0.787494957447052
-0.23403558135032654 	-21.920026779174805 	-2.4511942863464355 	0.7875022292137146
-0.18364395201206207 	-21.920833587646484 	-2.729142427444458 	0.7875075936317444
-0.18364395201206207 	-21.920833587646484 	-2.729142427444458 	0.7875075936317444
-0.14720205962657928 	-21.920089721679688 	-2.9389286041259766 	0.7875098586082458
-0.15323667228221893 	-21.938674926757812 	-2.87917423248291 	0.7875015735626221
-0.15323667228221893 	-21.938674926757812 	-2.87917423248291 	0.7875015735626221
-0.20898641645908356 	-21.957653045654297 	-2.4740657806396484 	0.7874956727027893
-0.26955121755599976 	-21.964027404785156 	-2.100705623626709 	0.7874822616577148
-0.26955121755599976 	-21.964027404785156 	-2.100705623626709 	0.7874822616577148
-0.3584301173686981 	-21.979679107666016 	-1.5314980745315552 	0.7874840497970581
-0.35766392946243286 	-21.94115447998047 	-1.63395357131958 	0.7874798774719238
-0.35766392946243286 	-21.94115447998047 	-1.63395357131958 	0.7874798774719238
-0.36892828345298767 	-21.95171356201172 	-1.5893653631210327 	0.7874767780303955
-0.3846086263656616 	-21.950031280517578 	-1.6069588661193848 	0.7874755263328552
-0.3846086263656616 	-21.950031280517578 	-1.6069588661193848 	0.7874755263328552
-0.39115259051322937 	-21.946590423583984 	-1.696978211402893 	0.7874831557273865
-0.3413594365119934 	-21.921472549438477 	-2.1151766777038574 	0.7874851226806641
-0.3413594365119934 	-21.921472549438477 	-2.1151766777038574 	0.7874851226806641
-0.31549233198165894 	-21.930320739746094 	-2.3468821048736572 	0.7874879837036133
-0.2790943682193756 	-23.425495147705078 	3.016160488128662 	0.7874858975410461
-0.2790943682193756 	-23.425495147705078 	3.016160488128662 	0.7874858975410461
-0.32188212871551514 	-21.098312377929688 	-1.2559447288513184 	0.7874833941459656
-0.31553229689598083 	-23.237621307373047 	3.5014889240264893 	0.7874828577041626
-0.31553229689598083 	-23.237621307373047 	3.5014889240264893 	0.7874828577041626
-0.3421398997306824 	-22.82596206665039 	-0.8799663782119751 	0.7874786853790283
-0.3616689443588257 	-21.948917388916016 	1.4043364524841309 	0.787481427192688
-0.3616689443588257 	-21.948917388916016 	1.4043364524841309 	0.787481427192688
-0.35558176040649414 	-22.31464385986328 	1.1517466306686401 	0.7874863743782043
-0.34881600737571716 	-21.094911575317383 	-2.0248329639434814 	0.7874892950057983
-0.34881600737571716 	-21.094911575317383 	-2.0248329639434814 	0.7874892950057983
-0.3139112889766693 	-21.72632598876953 	-4.297543525695801 	0.787481427192688
-0.25171202421188354 	-21.893251419067383 	-8.674090385437012 	0.7874977588653564
-0.25171202421188354 	-21.893251419067383 	-8.674090385437012 	0.7874977588653564
-0.17817209661006927 	-23.274627685546875 	-4.647500991821289 	0.7875096201896667
-0.1433088779449463 	-21.01055908203125 	-4.440600872039795 	0.7875126600265503
-0.1433088779449463 	-21.01055908203125 	-4.440600872039795 	0.7875126600265503
-0.14299288392066956 	-23.46295928955078 	-4.9433674812316895 	0.7875009179115295
-0.22928018867969513 	-20.98888397216797 	-5.189417839050293 	0.7874926924705505
-0.22928018867969513 	-20.98888397216797 	-5.189417839050293 	0.7874926924705505
-0.30080872774124146 	-21.912397384643555 	-5.593700885772705 	0.7874840497970581
-0.3706081509590149 	-21.91197967529297 	-6.083658218383789 	0.7874792218208313
-0.3706081509590149 	-21.91197967529297 	-6.083658218383789 	0.7874792218208313
-0.40358567237854004 	-21.911991119384766 	-6.310169219970703 	0.7874792814254761
-0.3983612060546875 	-21.911640167236328 	-6.301836013793945 	0.7874847054481506
-0.3983612060546875 	-21.911640167236328 	-6.301836013793945 	0.7874847054481506
-0.3593193292617798 	-21.91064453125 	-6.096419334411621 	0.7874791622161865
-0.3919640779495239 	-21.914249420166016 	-6.355128288269043 	0.7874797582626343
-0.3919640779495239 	-21.914249420166016 	-6.355128288269043 	0.7874797582626343
-0.38383948802948 	-21.912080764770508 	-6.302403450012207 	0.787480354309082
-0.37698477506637573 	-21.911510467529297 	-6.309565544128418 	0.787484347820282
-0.37698477506637573 	-21.911510467529297 	-6.309565544128418 	0.787484347820282
-0.34470951557159424 	-21.911121368408203 	-6.130234718322754 	0.7874898910522461
-0.30269503593444824 	-21.91128158569336 	-5.856279373168945 	0.7874857783317566
-0.30269503593444824 	-21.91128158569336 	-5.856279373168945 	0.7874857783317566
-0.3354504704475403 	-21.912940979003906 	-6.1551408767700195 	0.7874853014945984
-0.33128857612609863 	-21.912246704101562 	-6.079693794250488 	0.7874879240989685
-0.33128857612609863 	-21.912246704101562 	-6.079693794250488 	0.7874879240989685
-0.3156569004058838 	-21.91085433959961 	-6.004739761352539 	0.7874902486801147
-0.29778599739074707 	-21.91204071044922 	-5.86251163482666 	0.7874850034713745
-0.29778599739074707 	-21.91204071044922 	-5.86251163482666 	0.7874850034713745
-0.33344003558158875 	-21.913328170776367 	-6.158441543579102 	0.7874818444252014
-0.3518913984298706 	-21.91250991821289 	-6.254539489746094 	0.7874863743782043
-0.3518913984298706 	-21.91250991821289 	-6.254539489746094 	0.7874863743782043
-0.3179737329483032 	-21.911666870117188 	-5.98542594909668 	0.7874906063079834
-0.2865276336669922 	-21.911102294921875 	-5.78802490234375 	0.7874955534934998
-0.2865276336669922 	-21.911102294921875 	-5.78802490234375 	0.7874955534934998
-0.254025936126709 	-21.91083526611328 	-5.604074478149414 	0.787487804889679
-0.3039206564426422 	-21.914283752441406 	-5.956145286560059 	0.7874840497970581
-0.3039206564426422 	-21.914283752441406 	-5.956145286560059 	0.7874840497970581
-0.331204891204834 	-21.912858963012695 	-6.118215560913086 	0.7874827980995178
-0.33469074964523315 	-21.912700653076172 	-6.108532905578613 	0.7874844670295715
-0.33469074964523315 	-21.912700653076172 	-6.108532905578613 	0.7874844670295715
-0.3217558264732361 	-21.912166595458984 	-6.0129899978637695 	0.7874867916107178
-0.2993113398551941 	-21.912139892578125 	-5.853560924530029 	0.7874921560287476
-0.2993113398551941 	-21.912139892578125 	-5.853560924530029 	0.7874921560287476
-0.26185837388038635 	-21.911422729492188 	-5.604002952575684 	0.7874936461448669
-0.25255805253982544 	-21.91132354736328 	-5.563903331756592 	0.7874966859817505
-0.25255805253982544 	-21.91132354736328 	-5.563903331756592 	0.7874966859817505
-0.23497238755226135 	-21.91120719909668 	-5.444040298461914 	0.7874974608421326
-0.23130303621292114 	-21.911916732788086 	-5.412881851196289 	0.7874848246574402
-0.23130303621292114 	-21.911916732788086 	-5.412881851196289 	0.7874848246574402
-0.3208809196949005 	-21.91474723815918 	-6.065651893615723 	0.7874900698661804
-0.28347766399383545 	-21.90993881225586 	-5.722907066345215 	0.7874832153320312
-0.28347766399383545 	-21.90993881225586 	-5.722907066345215 	0.7874832153320312
-0.31043878197669983 	-21.915817260742188 	-5.878509521484375 	0.7874933481216431
-0.24350064992904663 	-21.909629821777344 	-5.368768215179443 	0.7874882221221924
-0.24350064992904663 	-21.909629821777344 	-5.368768215179443 	0.7874882221221924
-0.271793007850647 	-21.915212631225586 	-5.549571990966797 	0.7874852418899536
-0.2928801476955414 	-21.913799285888672 	-5.607755661010742 	0.7874848246574402
-0.2928801476955414 	-21.913799285888672 	-5.607755661010742 	0.7874848246574402
-0.2952822148799896 	-21.91387939453125 	-5.527705192565918 	0.7874940037727356
-0.23309582471847534 	-21.910884857177734 	-5.111271858215332 	0.7874858379364014
-0.23309582471847534 	-21.910884857177734 	-5.111271858215332 	0.7874858379364014
-0.28690892457962036 	-21.91584014892578 	-5.361688613891602 	0.7874969244003296
-0.2195284366607666 	-21.91049575805664 	-4.891813278198242 	0.7874984741210938
-0.2195284366607666 	-21.91049575805664 	-4.891813278198242 	0.7874984741210938
-0.20774123072624207 	-21.913084030151367 	-4.794631004333496 	0.787502646446228
-0.1912924349308014 	-21.91291046142578 	-4.6200361251831055 	0.7874983549118042
-0.1912924349308014 	-21.91291046142578 	-4.6200361251831055 	0.7874983549118042
-0.2246769368648529 	-21.914257049560547 	-4.666794776916504 	0.7874892950057983
-0.3135661482810974 	-23.71733856201172 	-5.290607452392578 	0.7874749898910522
-0.3135661482810974 	-23.71733856201172 	-5.290607452392578 	0.7874749898910522
-0.3942198157310486 	-20.98417091369629 	-5.0750322341918945 	0.7874760031700134
-0.4155959188938141 	-23.780597686767578 	-5.213781356811523 	0.7874761819839478
-0.4155959188938141 	-23.780597686767578 	-5.213781356811523 	0.7874761819839478
-0.4132406711578369 	-22.210355758666992 	-4.211249828338623 	0.7874797582626343
-0.4010441303253174 	-22.273319244384766 	-4.03072452545166 	0.787484884262085
-0.4010441303253174 	-22.273319244384766 	-4.03072452545166 	0.787484884262085
-0.36483967304229736 	-22.29454803466797 	-3.761259078979492 	0.7874870300292969
-0.3692343235015869 	-22.293577194213867 	-3.3555357456207275 	0.7874917984008789
-0.3692343235015869 	-22.293577194213867 	-3.3555357456207275 	0.7874917984008789
-0.23107673227787018 	-20.980628967285156 	-2.842346668243408 	0.7874948978424072
-0.22945278882980347 	-22.120622634887695 	-1.806668996810913 	0.7874900698661804
-0.22945278882980347 	-22.120622634887695 	-1.806668996810913 	0.7874900698661804
-0.2430737018585205 	-21.801437377929688 	-2.129426956176758 	0.7874897718429565
-0.2388276904821396 	-21.917236328125 	-2.1293416023254395 	0.7874849438667297
-0.2388276904821396 	-21.917236328125 	-2.1293416023254395 	0.7874849438667297
-0.2659117877483368 	-21.930164337158203 	-1.8755382299423218 	0.7874913215637207
-0.22432483732700348 	-21.908748626708984 	-2.029676914215088 	0.7874903678894043
-0.22432483732700348 	-21.908748626708984 	-2.029676914215088 	0.7874903678894043
-0.21480537950992584 	-21.916278839111328 	-2.004917860031128 	0.7875000834465027
-0.14570385217666626 	-21.891826629638672 	-2.3954479694366455 	0.7875053882598877
-0.14570385217666626 	-21.891826629638672 	-2.3954479694366455 	0.7875053882598877
-0.2572363018989563 	-21.96156120300293 	-2.0018362998962402 	0.7874810695648193
-0.4638301134109497 	-22.012832641601562 	-0.6695107221603394 	0.7874587178230286
-0.4638301134109497 	-22.012832641601562 	-0.6695107221603394 	0.7874587178230286
-0.6706241369247437 	-22.020036697387695 	0.4287545680999756 	0.7874311208724976
-0.869194507598877 	-22.015174865722656 	1.3793636560440063 	0.787412166595459
-0.869194507598877 	-22.015174865722656 	1.3793636560440063 	0.787412166595459
-0.991459310054779 	-21.991153717041016 	1.775809645652771 	0.7874024510383606
-1.0362226963043213 	-21.972431182861328 	1.6509703397750854 	0.7874027490615845
-1.0362226963043213 	-21.972431182861328 	1.6509703397750854 	0.7874027490615845
-1.0015307664871216 	-21.95174217224121 	1.2643886804580688 	0.7874132990837097
-0.8967505693435669 	-21.932527542114258 	0.6177628636360168 	0.7874254584312439
-0.8967505693435669 	-21.932527542114258 	0.6177628636360168 	0.7874254584312439
-0.7617968320846558 	-21.91695785522461 	-0.03414997458457947 	0.7874428629875183
-0.6213588118553162 	-21.91185760498047 	-0.6876991987228394 	0.7874628901481628
-0.6213588118553162 	-21.91185760498047 	-0.6876991987228394 	0.7874628901481628
-0.4516194760799408 	-21.89410400390625 	-1.4091293811798096 	0.7874749898910522
-0.352069616317749 	-21.905059814453125 	-1.820292592048645 	0.7874914407730103
-0.352069616317749 	-21.905059814453125 	-1.820292592048645 	0.7874914407730103
-0.23223617672920227 	-21.891250610351562 	-2.3307712078094482 	0.7874972820281982
-0.1947009563446045 	-21.908023834228516 	-2.467205047607422 	0.787498950958252
-0.1947009563446045 	-21.908023834228516 	-2.467205047607422 	0.787498950958252
-0.17993421852588654 	-21.910343170166016 	-2.5056073665618896 	0.7875012159347534
-0.16703036427497864 	-21.909812927246094 	-2.558656930923462 	0.7875002026557922
-0.16703036427497864 	-21.909812927246094 	-2.558656930923462 	0.7875002026557922
-0.17945103347301483 	-21.916248321533203 	-2.4778389930725098 	0.7874962687492371
-0.21492122113704681 	-21.924259185791016 	-2.2934954166412354 	0.7874912619590759
-0.21492122113704681 	-21.924259185791016 	-2.2934954166412354 	0.7874912619590759
-0.25101178884506226 	-21.926170349121094 	-2.1062817573547363 	0.7874994874000549
-0.1958894431591034 	-21.901437759399414 	-2.388547897338867 	0.7875012159347534
-0.1958894431591034 	-21.901437759399414 	-2.388547897338867 	0.7875012159347534
-0.1652185320854187 	-21.90492057800293 	-2.4977450370788574 	0.7875023484230042
-0.16679921746253967 	-21.913761138916016 	-2.489513874053955 	0.7874971628189087
-0.16679921746253967 	-21.913761138916016 	-2.489513874053955 	0.7874971628189087
-0.18699246644973755 	-21.917797088623047 	-2.352571725845337 	0.787503182888031
-0.15607750415802002 	-21.90518569946289 	-2.527924060821533 	0.7875090837478638
-0.15607750415802002 	-21.90518569946289 	-2.527924060821533 	0.7875090837478638
-0.11670365929603577 	-21.901369094848633 	-2.7150840759277344 	0.7875031232833862
-0.14721670746803284 	-21.918806076049805 	-2.5112645626068115 	0.7875097393989563
-0.14721670746803284 	-21.918806076049805 	-2.5112645626068115 	0.7875097393989563
-0.10908268392086029 	-21.89914321899414 	-2.732883930206299 	0.787513792514801
-0.091590017080307 	-21.905656814575195 	-2.8192989826202393 	0.7875053286552429
-0.091590017080307 	-21.905656814575195 	-2.8192989826202393 	0.7875053286552429
-0.15296874940395355 	-21.92923927307129 	-2.457190752029419 	0.7875044345855713
-0.16140210628509521 	-21.913673400878906 	-2.432696580886841 	0.7875016927719116
-0.16140210628509521 	-21.913673400878906 	-2.432696580886841 	0.7875016927719116
-0.19330839812755585 	-21.924381256103516 	-2.2737972736358643 	0.7875043749809265
-0.17780748009681702 	-21.909564971923828 	-2.378966808319092 	0.7874971032142639
-0.17780748009681702 	-21.909564971923828 	-2.378966808319092 	0.7874971032142639
-0.22221386432647705 	-21.92359161376953 	-2.2190585136413574 	0.7874944806098938
-0.25389713048934937 	-21.92394256591797 	-2.122641086578369 	0.7874897718429565
-0.25389713048934937 	-21.92394256591797 	-2.122641086578369 	0.7874897718429565
-0.28016161918640137 	-21.920574188232422 	-2.080265522003174 	0.7874879240989685
-0.2978309392929077 	-21.919105529785156 	-2.083369493484497 	0.7874911427497864
-0.2978309392929077 	-21.919105529785156 	-2.083369493484497 	0.7874911427497864
-0.2772987484931946 	-21.905235290527344 	-2.304460048675537 	0.7874882221221924
-0.28980913758277893 	-21.911935806274414 	-2.3806469440460205 	0.7874863147735596
-0.28980913758277893 	-21.911935806274414 	-2.3806469440460205 	0.7874863147735596
-0.2950132489204407 	-23.779342651367188 	3.063741683959961 	0.7874923348426819
-0.2748222351074219 	-21.095443725585938 	-1.4775851964950562 	0.7874954342842102
-0.2748222351074219 	-21.095443725585938 	-1.4775851964950562 	0.7874954342842102
-0.236873596906662 	-23.220565795898438 	2.8939671516418457 	0.787499725818634
-0.24141745269298553 	-22.741804122924805 	-2.5208561420440674 	0.787494421005249
-0.24141745269298553 	-22.741804122924805 	-2.5208561420440674 	0.787494421005249
-0.28466886281967163 	-22.415645599365234 	-2.321866512298584 	0.7874917984008789
-0.297057181596756 	-21.968692779541016 	1.9053552150726318 	0.7874891757965088
-0.297057181596756 	-21.968692779541016 	1.9053552150726318 	0.7874891757965088
-0.33914682269096375 	-21.10166358947754 	-2.042664051055908 	0.787483811378479
-0.27488771080970764 	-21.68622589111328 	-7.552937984466553 	0.7874826192855835
-0.27488771080970764 	-21.68622589111328 	-7.552937984466553 	0.7874826192855835
-0.24614118039608002 	-23.29999542236328 	-6.073057174682617 	0.7875052094459534
-0.16547183692455292 	-20.979629516601562 	-3.809638500213623 	0.787513256072998
-0.16547183692455292 	-20.979629516601562 	-3.809638500213623 	0.787513256072998
-0.11438092589378357 	-21.89110565185547 	-3.977670192718506 	0.7875012755393982
-0.20182467997074127 	-21.88927459716797 	-4.579041481018066 	0.7874909043312073
-0.20182467997074127 	-21.88927459716797 	-4.579041481018066 	0.7874909043312073
-0.29519709944725037 	-21.889860153198242 	-5.208620071411133 	0.7874831557273865
-0.3453957140445709 	-21.888545989990234 	-5.5453410148620605 	0.787480354309082
-0.3453957140445709 	-21.888545989990234 	-5.5453410148620605 	0.787480354309082
-0.36409902572631836 	-21.888641357421875 	-5.671664237976074 	0.7874771952629089
-0.3826748728752136 	-21.888256072998047 	-5.884965896606445 	0.7874789237976074
-0.3826748728752136 	-21.888256072998047 	-5.884965896606445 	0.7874789237976074
-0.36270269751548767 	-21.88785171508789 	-5.977315902709961 	0.7874847054481506
-0.31399714946746826 	-21.88844871520996 	-5.652883529663086 	0.7874902486801147
-0.31399714946746826 	-21.88844871520996 	-5.652883529663086 	0.7874902486801147
-0.2784990966320038 	-21.888948440551758 	-5.476346492767334 	0.7874855399131775
-0.30568432807922363 	-21.888355255126953 	-5.707115650177002 	0.7874842286109924
-0.30568432807922363 	-21.888355255126953 	-5.707115650177002 	0.7874842286109924
-0.31533268094062805 	-21.888118743896484 	-5.779018402099609 	0.7874866127967834
-0.2991427183151245 	-21.888607025146484 	-5.642215728759766 	0.7874919176101685
-0.2991427183151245 	-21.888607025146484 	-5.642215728759766 	0.7874919176101685
-0.2626549005508423 	-21.88910675048828 	-5.381933212280273 	0.7874977588653564
-0.22768190503120422 	-21.889633178710938 	-5.113241195678711 	0.7874919772148132
-0.22768190503120422 	-21.889633178710938 	-5.113241195678711 	0.7874919772148132
-0.2706551253795624 	-21.888774871826172 	-5.4986419677734375 	0.7874891757965088
-0.29134872555732727 	-21.88854217529297 	-5.627277851104736 	0.7874951958656311
-0.29134872555732727 	-21.88854217529297 	-5.627277851104736 	0.7874951958656311
-0.25795087218284607 	-21.889535903930664 	-5.31156063079834 	0.7874859571456909
-0.317722886800766 	-21.888538360595703 	-5.821588516235352 	0.787480354309082
-0.317722886800766 	-21.888538360595703 	-5.821588516235352 	0.787480354309082
-0.35517096519470215 	-21.88809585571289 	-6.0469746589660645 	0.7874781489372253
-0.3656783699989319 	-21.888286590576172 	-6.085397243499756 	0.7874804139137268
-0.3656783699989319 	-21.888286590576172 	-6.085397243499756 	0.7874804139137268
-0.3477795422077179 	-21.888492584228516 	-5.920943260192871 	0.787488579750061
-0.28535276651382446 	-21.889511108398438 	-5.416837215423584 	0.7874971628189087
-0.28535276651382446 	-21.889511108398438 	-5.416837215423584 	0.7874971628189087
-0.23042504489421844 	-21.89007568359375 	-5.034163475036621 	0.7874921560287476
-0.25972986221313477 	-21.889278411865234 	-5.281134605407715 	0.787486732006073
-0.25972986221313477 	-21.889278411865234 	-5.281134605407715 	0.787486732006073
-0.3072078227996826 	-21.888675689697266 	-5.641483306884766 	0.7874821424484253
-0.3321087956428528 	-21.888587951660156 	-5.767018795013428 	0.7874833345413208
-0.3321087956428528 	-21.888587951660156 	-5.767018795013428 	0.7874833345413208
-0.32498472929000854 	-21.888721466064453 	-5.681704521179199 	0.7874860763549805
-0.30216965079307556 	-21.889163970947266 	-5.496129989624023 	0.7874908447265625
-0.30216965079307556 	-21.889163970947266 	-5.496129989624023 	0.7874908447265625
-0.26861029863357544 	-21.88964080810547 	-5.252016067504883 	0.7874963283538818
-0.23076671361923218 	-21.890186309814453 	-4.973233222961426 	0.7874858379364014
-0.23076671361923218 	-21.890186309814453 	-4.973233222961426 	0.7874858379364014
-0.3069649934768677 	-21.888874053955078 	-5.5622711181640625 	0.7874779105186462
-0.3537103235721588 	-21.888479232788086 	-5.806647777557373 	0.7874885201454163
-0.3537103235721588 	-21.888479232788086 	-5.806647777557373 	0.7874885201454163
-0.27874234318733215 	-21.889957427978516 	-5.20882511138916 	0.7874823212623596
-0.311186283826828 	-21.889575958251953 	-5.450967788696289 	0.7874826192855835
-0.311186283826828 	-21.889575958251953 	-5.450967788696289 	0.7874826192855835
-0.3000974655151367 	-21.889728546142578 	-5.257729530334473 	0.7874855399131775
-0.27990904450416565 	-21.890235900878906 	-5.0759477615356445 	0.7874873876571655
-0.27990904450416565 	-21.890235900878906 	-5.0759477615356445 	0.7874873876571655
-0.26323649287223816 	-21.890567779541016 	-4.9209136962890625 	0.7874913215637207
-0.2393164187669754 	-21.890974044799805 	-4.714339733123779 	0.7874937057495117
-0.2393164187669754 	-21.890974044799805 	-4.714339733123779 	0.7874937057495117
-0.22377756237983704 	-21.89126968383789 	-4.607730865478516 	0.7874923944473267
-0.22081542015075684 	-21.904590606689453 	-4.957818984985352 	0.78749018907547
-0.22081542015075684 	-21.904590606689453 	-4.957818984985352 	0.78749018907547
-0.25608953833580017 	-21.885746002197266 	-4.5725555419921875 	0.7874841094017029
-0.31280794739723206 	-21.88998794555664 	-4.7256879806518555 	0.7874845862388611
-0.31280794739723206 	-21.88998794555664 	-4.7256879806518555 	0.7874845862388611
-0.3099426031112671 	-21.891468048095703 	-4.52834415435791 	0.7874879240989685
-0.29762786626815796 	-23.647504806518555 	-4.246697425842285 	0.787488579750061
-0.29762786626815796 	-23.647504806518555 	-4.246697425842285 	0.787488579750061
-0.2812272906303406 	-20.95108413696289 	-4.171618461608887 	0.7874854207038879
-0.3257761299610138 	-23.71097755432129 	-4.043264389038086 	0.7874828577041626
-0.3257761299610138 	-23.71097755432129 	-4.043264389038086 	0.7874828577041626
-0.3535500764846802 	-22.2658748626709 	-4.276496887207031 	0.787483811378479
-0.31961774826049805 	-20.969982147216797 	-3.663400650024414 	0.7874782681465149
-0.31961774826049805 	-20.969982147216797 	-3.663400650024414 	0.7874782681465149
-0.36960822343826294 	-21.94008445739746 	-3.4256412982940674 	0.7874829769134521
-0.3578048348426819 	-21.944110870361328 	-2.965505838394165 	0.7874789237976074
-0.3578048348426819 	-21.944110870361328 	-2.965505838394165 	0.7874789237976074
-0.3789931535720825 	-22.1243839263916 	-1.8161683082580566 	0.7874811887741089
-0.3136039972305298 	-21.805604934692383 	-2.140634059906006 	0.7874777317047119
-0.3136039972305298 	-21.805604934692383 	-2.140634059906006 	0.7874777317047119
-0.30777937173843384 	-23.772890090942383 	3.4618899822235107 	0.7874851822853088
-0.26607537269592285 	-21.09876251220703 	-1.1221208572387695 	0.7874855995178223
-0.26607537269592285 	-21.09876251220703 	-1.1221208572387695 	0.7874855995178223
-0.25173419713974 	-21.824047088623047 	-2.0272376537323 	0.7874911427497864
-0.21237072348594666 	-21.911279678344727 	-2.2067134380340576 	0.7874987721443176
-0.21237072348594666 	-21.911279678344727 	-2.2067134380340576 	0.7874987721443176
-0.1652986854314804 	-21.906578063964844 	-2.3892674446105957 	0.7874988317489624
-0.15982352197170258 	-21.918502807617188 	-2.3462517261505127 	0.7874960899353027
-0.15982352197170258 	-21.918502807617188 	-2.3462517261505127 	0.7874960899353027
-0.18020345270633698 	-21.92654037475586 	-2.174484968185425 	0.7874976396560669
-0.3040958344936371 	-21.968008041381836 	-1.7293970584869385 	0.7874797582626343
-0.3040958344936371 	-21.968008041381836 	-1.7293970584869385 	0.7874797582626343
-0.48528406023979187 	-22.009431838989258 	-0.5706907510757446 	0.7874559164047241
-0.680000364780426 	-22.008068084716797 	0.5271928906440735 	0.7874312400817871
-0.680000364780426 	-22.008068084716797 	0.5271928906440735 	0.7874312400817871
-0.8615862727165222 	-22.00881004333496 	1.3595308065414429 	0.7874097228050232
-1.0026085376739502 	-21.997241973876953 	1.8626506328582764 	0.7873982787132263
-1.0026085376739502 	-21.997241973876953 	1.8626506328582764 	0.7873982787132263
-1.056426763534546 	-21.97600746154785 	1.8229327201843262 	0.7874019742012024
-1.0133676528930664 	-21.951173782348633 	1.3570750951766968 	0.7874106764793396
-1.0133676528930664 	-21.951173782348633 	1.3570750951766968 	0.7874106764793396
-0.9108693599700928 	-21.934104919433594 	0.7518661022186279 	0.7874263525009155
-0.7684006094932556 	-21.916091918945312 	0.015748709440231323 	0.7874415516853333
-0.7684006094932556 	-21.916091918945312 	0.015748709440231323 	0.7874415516853333
-0.6194677948951721 	-21.909936904907227 	-0.6311288475990295 	0.7874614596366882
-0.46946027874946594 	-21.900035858154297 	-1.3009694814682007 	0.7874769568443298
-0.46946027874946594 	-21.900035858154297 	-1.3009694814682007 	0.7874769568443298
-0.33995291590690613 	-21.898090362548828 	-1.8363263607025146 	0.7874919176101685
-0.22877061367034912 	-21.893157958984375 	-2.310029983520508 	0.7874939441680908
-0.22877061367034912 	-21.893157958984375 	-2.310029983520508 	0.7874939441680908
-0.20096087455749512 	-21.907272338867188 	-2.44268798828125 	0.7875025868415833
-0.15313924849033356 	-21.901765823364258 	-2.6630780696868896 	0.7875110507011414
-0.15313924849033356 	-21.901765823364258 	-2.6630780696868896 	0.7875110507011414
-0.11112585663795471 	-21.90163803100586 	-2.8330211639404297 	0.7875072956085205
-0.13975782692432404 	-21.91891860961914 	-2.664581775665283 	0.7875082492828369
-0.13975782692432404 	-21.91891860961914 	-2.664581775665283 	0.7875082492828369
-0.14062099158763885 	-21.90985870361328 	-2.6509385108947754 	0.7875046133995056
-0.17110292613506317 	-21.92028045654297 	-2.5006160736083984 	0.7874999046325684
-0.17110292613506317 	-21.92028045654297 	-2.5006160736083984 	0.7874999046325684
-0.20605579018592834 	-21.9215087890625 	-2.3303370475769043 	0.7874929904937744
-0.1925608068704605 	-21.9329891204834 	-2.399689197540283 	0.7874894738197327
-0.1925608068704605 	-21.9329891204834 	-2.399689197540283 	0.7874894738197327
0.03148925304412842 	-23.03251838684082 	-3.6735482215881348 	0.7874881625175476
-0.04288199543952942 	-22.272737503051758 	-4.075344085693359 	0.7874795198440552
-0.04288199543952942 	-22.272737503051758 	-4.075344085693359 	0.7874795198440552
0.043643414974212646 	-22.213096618652344 	-3.818087100982666 	0.7874695062637329
-0.008767247200012207 	-22.223217010498047 	-3.791764497756958 	0.7874660491943359
-0.008767247200012207 	-22.223217010498047 	-3.791764497756958 	0.7874660491943359
-0.014880061149597168 	-22.210620880126953 	-3.570551872253418 	0.7874553203582764
0.05298033356666565 	-22.264341354370117 	-4.067359924316406 	0.7874373197555542
0.05298033356666565 	-22.264341354370117 	-4.067359924316406 	0.7874373197555542
-0.007026791572570801 	-22.190147399902344 	-3.5576419830322266 	0.7874219417572021
0.0020191073417663574 	-22.224140167236328 	-3.599027633666992 	0.7874007225036621
0.0020191073417663574 	-22.224140167236328 	-3.599027633666992 	0.7874007225036621
0.03521096706390381 	-22.265907287597656 	-4.082333564758301 	0.7873806953430176
-0.002175748348236084 	-22.190975189208984 	-3.5615029335021973 	0.7873672842979431
-0.002175748348236084 	-22.190975189208984 	-3.5615029335021973 	0.7873672842979431
0.02947095036506653 	-22.26690673828125 	-4.086749076843262 	0.7873433828353882
0.011480540037155151 	-22.188390731811523 	-3.5566086769104004 	0.7873176336288452
0.011480540037155151 	-22.188390731811523 	-3.5566086769104004 	0.7873176336288452
0.015325993299484253 	-22.221799850463867 	-3.611607074737549 	0.787291407585144
0.015985757112503052 	-22.221715927124023 	-3.607574224472046 	0.7872613668441772
0.015985757112503052 	-22.221715927124023 	-3.607574224472046 	0.7872613668441772
-0.2591620087623596 	-21.474811553955078 	0.7624685764312744 	0.787239134311676
-0.5765113234519958 	-24.845962524414062 	7.030672073364258 	0.7872231602668762
-0.5765113234519958 	-24.845962524414062 	7.030672073364258 	0.7872231602668762
-0.9186562895774841 	-21.55821418762207 	9.717727661132812 	0.787219226360321
-0.4792037010192871 	-23.46658706665039 	4.978058338165283 	0.7872278690338135
-0.4792037010192871 	-23.46658706665039 	4.978058338165283 	0.7872278690338135
-0.40372660756111145 	-22.46031951904297 	3.4536356925964355 	0.7872409820556641
-0.28204724192619324 	-22.379375457763672 	-0.5554994344711304 	0.7872604131698608
-0.28204724192619324 	-22.379375457763672 	-0.5554994344711304 	0.7872604131698608
-0.019899524748325348 	-22.339113235473633 	-0.8223510384559631 	0.7872704267501831
0.04674696922302246 	-22.435829162597656 	1.4235920906066895 	0.7872796058654785
0.04674696922302246 	-22.435829162597656 	1.4235920906066895 	0.7872796058654785
-0.07527881860733032 	-22.643699645996094 	-10.335489273071289 	0.7872699499130249
0.06652554869651794 	-21.728254318237305 	-6.1356964111328125 	0.7872591018676758
0.06652554869651794 	-21.728254318237305 	-6.1356964111328125 	0.7872591018676758
-0.05737847089767456 	-22.256553649902344 	-5.721405982971191 	0.7872422933578491
0.05911189317703247 	-22.316993713378906 	-6.201555252075195 	0.7872188091278076
0.05911189317703247 	-22.316993713378906 	-6.201555252075195 	0.7872188091278076
-0.045388758182525635 	-22.24761390686035 	-5.6201019287109375 	0.7871951460838318
0.05178314447402954 	-22.326557159423828 	-6.225481986999512 	0.7871732711791992
0.05178314447402954 	-22.326557159423828 	-6.225481986999512 	0.7871732711791992
-0.046178072690963745 	-22.239341735839844 	-5.541453838348389 	0.7871463298797607
0.05373135209083557 	-22.332822799682617 	-6.233920097351074 	0.7871074080467224
0.05373135209083557 	-22.332822799682617 	-6.233920097351074 	0.7871074080467224
-0.02949562668800354 	-22.244720458984375 	-5.614225387573242 	0.7870782613754272
0.026583701372146606 	-22.32548713684082 	-6.190053939819336 	0.7870286107063293
0.026583701372146606 	-22.32548713684082 	-6.190053939819336 	0.7870286107063293
0.012792795896530151 	-22.220947265625 	-5.424538612365723 	0.7869857549667358
-0.015728890895843506 	-22.275676727294922 	-5.5176496505737305 	0.7869374752044678
-0.015728890895843506 	-22.275676727294922 	-5.5176496505737305 	0.7869374752044678
0.0136050283908844 	-22.27383804321289 	-5.522384166717529 	0.78690105676651
-0.010468065738677979 	-22.272106170654297 	-5.494894981384277 	0.7868462800979614
-0.010468065738677979 	-22.272106170654297 	-5.494894981384277 	0.7868462800979614
0.02039027214050293 	-22.273052215576172 	-5.533370018005371 	0.7867918610572815
0.009135067462921143 	-22.272994995117188 	-5.487517356872559 	0.7867348194122314
0.009135067462921143 	-22.272994995117188 	-5.487517356872559 	0.7867348194122314
-0.11245650053024292 	-21.364151000976562 	-10.645085334777832 	0.7866805195808411
-0.20241087675094604 	-21.540328979492188 	-16.207969665527344 	0.7866748571395874
-0.20241087675094604 	-21.540328979492188 	-16.207969665527344 	0.7866748571395874
0.2563765048980713 	-22.71503257751465 	-8.743873596191406 	0.7866806387901306
-0.09220738708972931 	-22.925445556640625 	-17.220849990844727 	0.7867100834846497
-0.09220738708972931 	-22.925445556640625 	-17.220849990844727 	0.7867100834846497
-0.3441077768802643 	-23.296112060546875 	-4.242361068725586 	0.7867335081100464
-0.6340964436531067 	-21.819244384765625 	-6.789637565612793 	0.7867588400840759
-0.6340964436531067 	-21.819244384765625 	-6.789637565612793 	0.7867588400840759
-0.8884442448616028 	-22.4886474609375 	-9.934880256652832 	0.7867966294288635
-0.7379423975944519 	-22.60034942626953 	-6.520695209503174 	0.7868382334709167
-0.7379423975944519 	-22.60034942626953 	-6.520695209503174 	0.7868382334709167
-0.9428423643112183 	-22.51398277282715 	-9.001649856567383 	0.786876916885376
-0.603151261806488 	-23.23004913330078 	0.8658664226531982 	0.7869235277175903
-0.603151261806488 	-23.23004913330078 	0.8658664226531982 	0.7869235277175903
-0.519202709197998 	-22.599916458129883 	4.365524768829346 	0.7869606614112854
-0.5269516110420227 	-22.68308448791504 	3.251612424850464 	0.7870036959648132
-0.5269516110420227 	-22.68308448791504 	3.251612424850464 	0.7870036959648132
-0.4418562948703766 	-22.576818466186523 	4.7652587890625 	0.7870507836341858
-0.4800127148628235 	-22.69655990600586 	2.69767689704895 	0.787104070186615
-0.4800127148628235 	-22.69655990600586 	2.69767689704895 	0.787104070186615
-0.08550447225570679 	-22.206100463867188 	12.163339614868164 	0.7871493101119995
-0.008844971656799316 	-23.735483169555664 	13.90660285949707 	0.7871791124343872
-0.008844971656799316 	-23.735483169555664 	13.90660285949707 	0.7871791124343872
0.00829547643661499 	-22.411178588867188 	13.036262512207031 	0.7872028946876526
0.01388925313949585 	-22.77737808227539 	13.419624328613281 	0.7872274518013
0.01388925313949585 	-22.77737808227539 	13.419624328613281 	0.7872274518013
-0.003078162670135498 	-22.74956512451172 	13.419113159179688 	0.7872428894042969
-0.0017940402030944824 	-22.74948501586914 	13.419000625610352 	0.787256121635437
-0.0017940402030944824 	-22.74948501586914 	13.419000625610352 	0.787256121635437
0.0018118023872375488 	-22.746740341186523 	13.420997619628906 	0.7872675657272339
-6.282329559326172e-05 	-22.747913360595703 	13.418355941772461 	0.7872803807258606
-6.282329559326172e-05 	-22.747913360595703 	13.418355941772461 	0.7872803807258606
-0.008203864097595215 	-22.74469757080078 	13.426848411560059 	0.7872915267944336
-0.008425652980804443 	-22.74501609802246 	13.432500839233398 	0.7872903347015381
-0.008425652980804443 	-22.74501609802246 	13.432500839233398 	0.7872903347015381
0.015564799308776855 	-22.93203353881836 	13.525472640991211 	0.7872855067253113
-0.01081627607345581 	-22.60822868347168 	13.286856651306152 	0.7872797250747681
-0.01081627607345581 	-22.60822868347168 	13.286856651306152 	0.7872797250747681
-0.0009067654609680176 	-22.747343063354492 	13.41781234741211 	0.7872698307037354
0.006932437419891357 	-22.743732452392578 	13.444466590881348 	0.78725665807724
0.006932437419891357 	-22.743732452392578 	13.444466590881348 	0.78725665807724
-0.0014712214469909668 	-22.744853973388672 	13.44782543182373 	0.7872470617294312
-0.011910796165466309 	-22.742658615112305 	13.444902420043945 	0.7872271537780762
-0.011910796165466309 	-22.742658615112305 	13.444902420043945 	0.7872271537780762
0.002176642417907715 	-22.74437141418457 	13.454076766967773 	0.7872065305709839
0.005309045314788818 	-22.74439239501953 	13.446372985839844 	0.7871818542480469
0.005309045314788818 	-22.74439239501953 	13.446372985839844 	0.7871818542480469
0.0023946762084960938 	-22.742759704589844 	13.451604843139648 	0.7871532440185547
-0.0144500732421875 	-21.85894012451172 	12.765091896057129 	0.78711998462677
-0.0144500732421875 	-21.85894012451172 	12.765091896057129 	0.78711998462677
-0.22622907161712646 	-22.34569549560547 	12.193208694458008 	0.787098228931427
-0.3652327060699463 	-22.50094223022461 	10.52880859375 	0.7870757579803467
-0.3652327060699463 	-22.50094223022461 	10.52880859375 	0.7870757579803467
-0.518170952796936 	-22.394262313842773 	11.177752494812012 	0.7870650887489319
-0.5806090235710144 	-22.433345794677734 	10.642364501953125 	0.7870535850524902
-0.5806090235710144 	-22.433345794677734 	10.642364501953125 	0.7870535850524902
-0.6416856050491333 	-22.425506591796875 	10.60728931427002 	0.7870527505874634
-0.6429424285888672 	-22.396869659423828 	11.197328567504883 	0.7870492339134216
-0.6429424285888672 	-22.396869659423828 	11.197328567504883 	0.7870492339134216
-0.22850215435028076 	-22.46725845336914 	13.295975685119629 	0.7870506048202515
-0.1361863613128662 	-21.999691009521484 	7.145860195159912 	0.7870434522628784
-0.1361863613128662 	-21.999691009521484 	7.145860195159912 	0.7870434522628784
-0.245139479637146 	-23.192508697509766 	13.371309280395508 	0.7870340943336487
-0.27986276149749756 	-22.337547302246094 	14.866287231445312 	0.7870288491249084
-0.27986276149749756 	-22.337547302246094 	14.866287231445312 	0.7870288491249084
-0.08417880535125732 	-21.58163833618164 	1.1601572036743164 	0.7870157957077026
-0.19008368253707886 	-21.60216522216797 	8.95889663696289 	0.7870062589645386
-0.19008368253707886 	-21.60216522216797 	8.95889663696289 	0.7870062589645386
-0.2757349908351898 	-21.869178771972656 	8.945272445678711 	0.7869943976402283
-0.33441436290740967 	-22.005313873291016 	9.498828887939453 	0.7869898676872253
-0.33441436290740967 	-22.005313873291016 	9.498828887939453 	0.7869898676872253
-0.4917275607585907 	-21.973159790039062 	10.03343391418457 	0.7869583368301392
-0.6770633459091187 	-21.93191146850586 	11.06032943725586 	0.7869282364845276
-0.6770633459091187 	-21.93191146850586 	11.06032943725586 	0.7869282364845276
-0.4853516221046448 	-21.784456253051758 	7.674748420715332 	0.7868991494178772
-0.6551286578178406 	-21.882694244384766 	9.347402572631836 	0.786872386932373
-0.6551286578178406 	-21.882694244384766 	9.347402572631836 	0.786872386932373
-0.45448803901672363 	-21.89487075805664 	6.11931037902832 	0.7868476510047913
-0.6017634272575378 	-21.882854461669922 	6.860220432281494 	0.7868200540542603
-0.6017634272575378 	-21.882854461669922 	6.860220432281494 	0.7868200540542603
-0.7579866647720337 	-21.896987915039062 	7.289565086364746 	0.7867976427078247
-0.823920488357544 	-21.894311904907227 	7.392882347106934 	0.7867835164070129
-0.823920488357544 	-21.894311904907227 	7.392882347106934 	0.7867835164070129
-0.37805700302124023 	-21.892576217651367 	3.987086057662964 	0.7867791056632996
-0.41569846868515015 	-21.891889572143555 	4.176039695739746 	0.7867640852928162
-0.41569846868515015 	-21.891889572143555 	4.176039695739746 	0.7867640852928162
-0.49816498160362244 	-21.894620895385742 	4.470951080322266 	0.7867522239685059
-0.5660659074783325 	-21.893632888793945 	4.695343971252441 	0.7867452502250671
-0.5660659074783325 	-21.893632888793945 	4.695343971252441 	0.7867452502250671
-0.6027683615684509 	-21.89352035522461 	4.823376655578613 	0.7867395281791687
-0.614919126033783 	-21.893898010253906 	4.860533714294434 	0.7867398262023926
-0.614919126033783 	-21.893898010253906 	4.860533714294434 	0.7867398262023926
-0.5969800353050232 	-21.893779754638672 	4.8027753829956055 	0.7867459058761597
-0.5483514666557312 	-21.8935546875 	4.571193695068359 	0.7867562770843506
-0.5483514666557312 	-21.8935546875 	4.571193695068359 	0.7867562770843506
-0.47786206007003784 	-21.893360137939453 	4.347811222076416 	0.7867690920829773
-0.39668595790863037 	-21.893360137939453 	4.0783867835998535 	0.7867761850357056
-0.39668595790863037 	-21.893360137939453 	4.0783867835998535 	0.7867761850357056
-0.3348504900932312 	-21.89410400390625 	3.9154605865478516 	0.786789059638977
-0.014477357268333435 	-22.763444900512695 	3.6485185623168945 	0.7867934703826904
-0.014477357268333435 	-22.763444900512695 	3.6485185623168945 	0.7867934703826904
0.019238829612731934 	-22.28583526611328 	3.9200518131256104 	0.7867932915687561
0.0033516138792037964 	-22.137968063354492 	3.4358572959899902 	0.7867871522903442
0.0033516138792037964 	-22.137968063354492 	3.4358572959899902 	0.7867871522903442
-0.0028403550386428833 	-22.176773071289062 	3.488739490509033 	0.7867799997329712
0.0062863826751708984 	-22.176124572753906 	3.4804587364196777 	0.786775529384613
0.0062863826751708984 	-22.176124572753906 	3.4804587364196777 	0.786775529384613
-0.0022075623273849487 	-22.17250633239746 	3.479787826538086 	0.7867689728736877
0.008092522621154785 	-22.174949645996094 	3.4766440391540527 	0.7867563366889954
0.008092522621154785 	-22.174949645996094 	3.4766440391540527 	0.7867563366889954
0.018042102456092834 	-22.175254821777344 	3.4732069969177246 	0.7867357730865479
0.019571855664253235 	-22.1770076751709 	3.479858875274658 	0.7867213487625122
0.019571855664253235 	-22.1770076751709 	3.479858875274658 	0.7867213487625122
-0.0033980607986450195 	-22.173839569091797 	3.4710261821746826 	0.7867101430892944
-0.0025543421506881714 	-22.17254066467285 	3.4597814083099365 	0.7866907119750977
-0.0025543421506881714 	-22.17254066467285 	3.4597814083099365 	0.7866907119750977
0.036781296133995056 	-22.229158401489258 	3.9199697971343994 	0.786666989326477
-0.0030564963817596436 	-21.631290435791016 	3.3647820949554443 	0.7866443991661072
-0.0030564963817596436 	-21.631290435791016 	3.3647820949554443 	0.7866443991661072
-0.31955522298812866 	-22.0189266204834 	13.030911445617676 	0.7866261005401611
-0.10851353406906128 	-22.321170806884766 	13.435980796813965 	0.7866122126579285
-0.10851353406906128 	-22.321170806884766 	13.435980796813965 	0.7866122126579285
-0.5738073587417603 	-24.111064910888672 	12.364295959472656 	0.7866220474243164
-0.005941420793533325 	-21.689733505249023 	1.109803318977356 	0.7866471409797668
-0.005941420793533325 	-21.689733505249023 	1.109803318977356 	0.7866471409797668
-0.2804124355316162 	-21.04778289794922 	-1.8404614925384521 	0.7866673469543457
-0.17841269075870514 	-23.08025550842285 	2.0612077713012695 	0.7866760492324829
-0.17841269075870514 	-23.08025550842285 	2.0612077713012695 	0.7866760492324829
-0.3340436816215515 	-23.600204467773438 	-3.0059351921081543 	0.7866891026496887
-0.10758805274963379 	-21.902267456054688 	0.6109872460365295 	0.7867051362991333
-0.10758805274963379 	-21.902267456054688 	0.6109872460365295 	0.7867051362991333
-0.03627185523509979 	-22.319782257080078 	0.666484534740448 	0.7866976261138916
-0.08621492981910706 	-22.318716049194336 	0.6434954404830933 	0.7866909503936768
-0.08621492981910706 	-22.318716049194336 	0.6434954404830933 	0.7866909503936768
-0.15522369742393494 	-21.074230194091797 	-3.6789283752441406 	0.7866889238357544
-0.1809571385383606 	-21.87588882446289 	-4.152029037475586 	0.786685049533844
-0.1809571385383606 	-21.87588882446289 	-4.152029037475586 	0.786685049533844
-0.2018471360206604 	-23.869762420654297 	-3.4114837646484375 	0.7866806387901306
-0.18900880217552185 	-21.009437561035156 	-4.540234565734863 	0.7866740226745605
-0.18900880217552185 	-21.009437561035156 	-4.540234565734863 	0.7866740226745605
-0.2214106023311615 	-23.29424285888672 	-5.614228248596191 	0.7866640686988831
-0.12402257323265076 	-21.07699203491211 	-4.482158660888672 	0.786655843257904
-0.12402257323265076 	-21.07699203491211 	-4.482158660888672 	0.786655843257904
0.014080286026000977 	-23.145265579223633 	-4.611240386962891 	0.7866396903991699
-0.01764702796936035 	-22.247791290283203 	-4.452975273132324 	0.7866113185882568
-0.01764702796936035 	-22.247791290283203 	-4.452975273132324 	0.7866113185882568
0.005281209945678711 	-22.248279571533203 	-4.4526166915893555 	0.7865933775901794
-0.0017284750938415527 	-22.247377395629883 	-4.445832252502441 	0.7865579724311829
-0.0017284750938415527 	-22.247377395629883 	-4.445832252502441 	0.7865579724311829
0.01995331048965454 	-22.32573127746582 	-5.221438407897949 	0.786530077457428
-0.017097771167755127 	-22.191673278808594 	-4.389193534851074 	0.7864916920661926
-0.017097771167755127 	-22.191673278808594 	-4.389193534851074 	0.7864916920661926
0.03513622283935547 	-22.327556610107422 	-5.22612190246582 	0.7864627838134766
-0.022038638591766357 	-22.183509826660156 	-4.2952985763549805 	0.786418080329895
-0.022038638591766357 	-22.183509826660156 	-4.2952985763549805 	0.786418080329895
0.021038293838500977 	-22.32866668701172 	-5.204952239990234 	0.7863788604736328
-0.1216306984424591 	-21.228662490844727 	-4.738837242126465 	0.7863283157348633
-0.1216306984424591 	-21.228662490844727 	-4.738837242126465 	0.7863283157348633
-0.6344072818756104 	-21.70502281188965 	-10.76794147491455 	0.7862972021102905
-0.6222760081291199 	-21.59200668334961 	-8.595874786376953 	0.7862779498100281
-0.6222760081291199 	-21.59200668334961 	-8.595874786376953 	0.7862779498100281
-0.32238197326660156 	-23.117626190185547 	-16.65973472595215 	0.7862749695777893
-0.13702517747879028 	-22.431425094604492 	1.698343276977539 	0.7862629890441895
-0.13702517747879028 	-22.431425094604492 	1.698343276977539 	0.7862629890441895
-0.33122169971466064 	-22.432392120361328 	-3.311079978942871 	0.7862527966499329
-0.47012731432914734 	-22.132854461669922 	-6.186493873596191 	0.7862668037414551
-0.47012731432914734 	-22.132854461669922 	-6.186493873596191 	0.7862668037414551
-0.5506311058998108 	-22.33933448791504 	-4.772028923034668 	0.786285400390625
-0.5968068838119507 	-22.25020980834961 	-4.247470855712891 	0.7863153219223022
-0.5968068838119507 	-22.25020980834961 	-4.247470855712891 	0.7863153219223022
-0.30671679973602295 	-21.516756057739258 	5.595193862915039 	0.7863368391990662
-0.4218595623970032 	-22.183757781982422 	-0.6450942158699036 	0.7863596677780151
-0.4218595623970032 	-22.183757781982422 	-0.6450942158699036 	0.7863596677780151
-0.4609147608280182 	-22.201648712158203 	-0.34283965826034546 	0.7863859534263611
-0.3949563503265381 	-21.93781852722168 	5.165883541107178 	0.7864182591438293
-0.3949563503265381 	-21.93781852722168 	5.165883541107178 	0.7864182591438293
-0.14658933877944946 	-22.162067413330078 	8.016246795654297 	0.7864367365837097
-0.08033424615859985 	-21.995941162109375 	7.544964790344238 	0.7864470481872559
-0.08033424615859985 	-21.995941162109375 	7.544964790344238 	0.7864470481872559
-0.04836684465408325 	-21.985095977783203 	7.353555679321289 	0.7864534258842468
-0.012055635452270508 	-22.042110443115234 	7.691135883331299 	0.7864596247673035
-0.012055635452270508 	-22.042110443115234 	7.691135883331299 	0.7864596247673035
-0.003278076648712158 	-22.071517944335938 	7.885072708129883 	0.786460280418396
-0.008295178413391113 	-22.082569122314453 	7.824611186981201 	0.786452054977417
-0.008295178413391113 	-22.082569122314453 	7.824611186981201 	0.786452054977417
-0.054000020027160645 	-22.078960418701172 	7.294726371765137 	0.7864445447921753
-0.10579061508178711 	-22.080745697021484 	6.920688629150391 	0.7864404916763306
-0.10579061508178711 	-22.080745697021484 	6.920688629150391 	0.7864404916763306
-0.14151525497436523 	-22.08065414428711 	6.5890350341796875 	0.7864300608634949
-0.19779056310653687 	-22.094463348388672 	6.120117664337158 	0.786434531211853
-0.19779056310653687 	-22.094463348388672 	6.120117664337158 	0.786434531211853
-0.17585986852645874 	-22.0511417388916 	6.353493690490723 	0.786429762840271
-0.20596843957901 	-22.08477210998535 	6.157932281494141 	0.7864253520965576
-0.20596843957901 	-22.08477210998535 	6.157932281494141 	0.7864253520965576
-0.22907257080078125 	-22.080909729003906 	5.986159324645996 	0.7864239811897278
-0.24415940046310425 	-22.076383590698242 	5.937933921813965 	0.7864246964454651
-0.24415940046310425 	-22.076383590698242 	5.937933921813965 	0.7864246964454651
-0.24627381563186646 	-22.070926666259766 	5.982084274291992 	0.786426842212677
-0.2412239909172058 	-22.065532684326172 	6.09221076965332 	0.7864167094230652
-0.2412239909172058 	-22.065532684326172 	6.09221076965332 	0.7864167094230652
-0.2972487211227417 	-22.09040069580078 	5.847917079925537 	0.7864136695861816
-0.32189929485321045 	-22.07762908935547 	5.754217147827148 	0.7864117622375488
-0.32189929485321045 	-22.07762908935547 	5.754217147827148 	0.7864117622375488
-0.337679922580719 	-22.069869995117188 	5.831099033355713 	0.7864115834236145
-0.3408527970314026 	-22.063644409179688 	5.965163707733154 	0.7864108681678772
-0.3408527970314026 	-22.063644409179688 	5.965163707733154 	0.7864108681678772
-0.35524630546569824 	-22.052631378173828 	6.1891679763793945 	0.7864119410514832
-0.35489845275878906 	-22.052654266357422 	6.397549629211426 	0.7864058613777161
-0.35489845275878906 	-22.052654266357422 	6.397549629211426 	0.7864058613777161
-0.3923864960670471 	-22.944141387939453 	2.858550548553467 	0.786402702331543
-0.40001243352890015 	-21.4532470703125 	5.912233829498291 	0.7863943576812744
-0.40001243352890015 	-21.4532470703125 	5.912233829498291 	0.7863943576812744
-0.460087388753891 	-23.015213012695312 	2.932636260986328 	0.7863993048667908
-0.4480912983417511 	-22.320938110351562 	3.2371606826782227 	0.7864001393318176
-0.4480912983417511 	-22.320938110351562 	3.2371606826782227 	0.7864001393318176
-0.4440736174583435 	-22.316848754882812 	3.481989860534668 	0.7864008545875549
-0.44750893115997314 	-22.31988525390625 	3.850158214569092 	0.7864060401916504
-0.44750893115997314 	-22.31988525390625 	3.850158214569092 	0.7864060401916504
-0.4121536612510681 	-22.243453979492188 	4.69045352935791 	0.7864031195640564
-0.43556728959083557 	-22.102027893066406 	2.0478925704956055 	0.7864090800285339
-0.43556728959083557 	-22.102027893066406 	2.0478925704956055 	0.7864090800285339
-0.341185986995697 	-21.48101043701172 	7.876946449279785 	0.7864141464233398
-0.3013648986816406 	-23.030609130859375 	13.110319137573242 	0.786414623260498
-0.3013648986816406 	-23.030609130859375 	13.110319137573242 	0.786414623260498
-0.2750776410102844 	-21.269006729125977 	9.247722625732422 	0.7864198088645935
-0.256080687046051 	-22.035831451416016 	8.918066024780273 	0.7864200472831726
-0.256080687046051 	-22.035831451416016 	8.918066024780273 	0.7864200472831726
-0.23905795812606812 	-22.023834228515625 	8.943746566772461 	0.7864225506782532
-0.23550677299499512 	-22.02169418334961 	8.96324348449707 	0.786419689655304
-0.23550677299499512 	-22.02169418334961 	8.96324348449707 	0.786419689655304
-0.3646434545516968 	-21.983600616455078 	9.301839828491211 	0.7863975167274475
