0.2060057520866394
0.2060057520866394
0.15360280871391296
0.07129383832216263
0.1878029853105545
0.13168978691101074
0.12698063254356384
0.13059692084789276
0.045648716390132904
0.17329458892345428
0.17329458892345428
0.15444934368133545
0.16543710231781006
0.17077291011810303
0.17181135714054108
0.17107361555099487
0.1792995035648346
0.1842861771583557
0.19177499413490295
0.19177499413490295
0.2063344568014145
0.20328235626220703
0.19564418494701385
0.2011861503124237
0.16959482431411743
0.09102402627468109
0.2047080099582672
0.20121364295482635
0.20121364295482635
0.20061323046684265
0.07178373634815216
0.165896475315094
0.14523720741271973
0.1357051134109497
0.1372249573469162
0.1296430379152298
0.1304008960723877
0.1304008960723877
0.1308850347995758
0.13048341870307922
0.1281585842370987
0.12461778521537781
0.11773429065942764
0.11246125400066376
0.10421538352966309
0.12428931891918182
0.12428931891918182
0.10691850632429123
0.12296099960803986
0.1110994815826416
0.11246292293071747
0.11973494291305542
0.12082143127918243
0.09936085343360901
0.11228898912668228
0.11228898912668228
0.09763801097869873
0.09197650849819183
0.11122994124889374
0.1257869154214859
0.09997252374887466
0.101793073117733
0.0987309142947197
0.06764238327741623
0.06764238327741623
0.11648041009902954
0.07836998254060745
0.07796487212181091
0.10652689635753632
0.07883775234222412
0.07051536440849304
0.2073744237422943
0.09025324136018753
0.09025324136018753
0.2078825831413269
0.2028287649154663
0.14492788910865784
0.048990488052368164
0.15236511826515198
0.05303996801376343
0.2037787288427353
0.1948976069688797
0.1948976069688797
0.1598232090473175
0.06742600351572037
0.12140625715255737
0.056674666702747345
0.20022433996200562
0.19880589842796326
0.16697999835014343
0.19111064076423645
0.19111064076423645
0.1571694314479828
0.18796515464782715
0.14905640482902527
0.0599377304315567
0.13796886801719666
0.06971751153469086
0.19810843467712402
0.10440429300069809
0.10440429300069809
0.19252315163612366
0.16382016241550446
0.0554765984416008
0.1873035579919815
0.11428185552358627
0.1924266815185547
0.16903063654899597
0.1926116645336151
0.1926116645336151
0.18540658056735992
0.1905575394630432
0.1865028440952301
0.1949969381093979
0.20461001992225647
0.19047385454177856
0.19486364722251892
0.19025897979736328
0.19025897979736328
0.18746346235275269
0.19646908342838287
0.18273639678955078
0.18537935614585876
0.18802234530448914
0.12098228186368942
0.061874084174633026
0.1715378612279892
0.1715378612279892
0.08884425461292267
0.19715428352355957
0.05802243947982788
0.1381397247314453
0.21813470125198364
0.1847812831401825
0.2020995318889618
0.15420112013816833
0.15420112013816833
0.18204203248023987
0.1801900565624237
0.2071404606103897
0.06520002335309982
0.19865821301937103
0.2192830592393875
0.12909667193889618
0.15909500420093536
0.15909500420093536
0.2009095996618271
0.21584388613700867
0.16125589609146118
0.20143577456474304
0.183449387550354
0.21139459311962128
0.16242924332618713
0.21615272760391235
0.21615272760391235
0.06602901965379715
0.08539692312479019
0.16137000918388367
-0.6967652440071106
-5.436356067657471
-1.1767630577087402
0.818038284778595
5.943499565124512
5.943499565124512
3.5182912349700928
5.051774978637695
2.1940853595733643
3.6096737384796143
1.683546543121338
1.2095478773117065
3.0060019493103027
1.6451406478881836
1.6451406478881836
1.3395459651947021
1.1888481378555298
1.7926902770996094
2.690232753753662
1.790527105331421
1.6749850511550903
2.678419589996338
3.0792462825775146
3.0792462825775146
3.049666404724121
3.5202929973602295
3.646947145462036
3.2328267097473145
2.477341413497925
2.301365375518799
2.180908203125
2.1095569133758545
2.1095569133758545
2.1002981662750244
2.184201955795288
2.2186498641967773
2.342275619506836
2.4675397872924805
3.563803195953369
3.6505227088928223
3.6241681575775146
3.6241681575775146
3.6427018642425537
3.6177496910095215
3.6411123275756836
3.6205294132232666
3.627730131149292
2.573197841644287
2.419327735900879
2.4269227981567383
2.4269227981567383
2.438735246658325
2.4477920532226562
2.449777126312256
2.4665088653564453
2.467388153076172
2.4618892669677734
3.5582590103149414
3.629850387573242
3.629850387573242
3.630600929260254
3.6360740661621094
3.6299285888671875
4.958268642425537
3.561913251876831
4.981524467468262
3.861903190612793
3.622318744659424
3.622318744659424
3.654237747192383
3.4946792125701904
2.5228312015533447
2.458709239959717
2.449955940246582
2.4627392292022705
2.4700212478637695
2.483290195465088
2.483290195465088
3.5791311264038086
3.6246466636657715
4.956010818481445
3.5773842334747314
4.996526718139648
3.518228054046631
4.976983070373535
3.5902528762817383
3.5902528762817383
4.986617088317871
3.5448379516601562
4.985421180725098
3.5792222023010254
4.851146697998047
3.473444700241089
2.708569288253784
2.486832857131958
2.486832857131958
2.4661569595336914
2.4623255729675293
2.494844913482666
2.366680145263672
2.514799118041992
2.3737952709198
2.4935998916625977
2.7150168418884277
2.7150168418884277
3.631319522857666
4.96711540222168
4.2194976806640625
3.6165571212768555
3.633385181427002
3.6033668518066406
2.584484577178955
2.519125461578369
2.519125461578369
2.6587698459625244
2.421074867248535
2.5208139419555664
2.39389967918396
3.508049964904785
3.620084285736084
4.720663070678711
2.5389747619628906
2.5389747619628906
2.6959171295166016
2.4419078826904297
2.4045846462249756
3.5916409492492676
3.636160373687744
3.6055569648742676
2.468316078186035
2.4950194358825684
2.4950194358825684
2.484221935272217
2.518038272857666
4.008822441101074
3.626234292984009
3.638856887817383
3.651367664337158
3.6292285919189453
3.6407315731048584
3.6407315731048584
3.651013135910034
3.647416114807129
3.5190529823303223
3.0415072441101074
2.496542453765869
2.4919662475585938
2.4987921714782715
2.491115093231201
2.491115093231201
2.500795364379883
2.513742685317993
2.502734661102295
3.570634365081787
3.477494478225708
3.4839699268341064
2.542515993118286
2.5605239868164062
2.5605239868164062
2.538471221923828
2.502236843109131
2.51265287399292
2.507406711578369
2.4975335597991943
2.5438966751098633
2.5252933502197266
2.511331558227539
2.511331558227539
2.5266101360321045
2.5072202682495117
2.4972333908081055
2.5491180419921875
2.521350145339966
2.513871908187866
2.5068130493164062
2.5048465728759766
2.5048465728759766
2.5058178901672363
2.510098934173584
2.5390844345092773
2.513888359069824
2.5390241146087646
2.512209415435791
2.5285284519195557
2.503541946411133
2.503541946411133
2.5195999145507812
2.502211809158325
2.5004734992980957
2.5074217319488525
2.500680923461914
2.502150535583496
2.5034339427948
2.509044647216797
2.509044647216797
2.4981019496917725
2.561861991882324
2.5893001556396484
2.634798526763916
3.1484522819519043
4.278956890106201
4.2143120765686035
3.578598737716675
3.578598737716675
2.5562634468078613
3.334123134613037
5.008934020996094
3.520371913909912
5.022220611572266
3.5293352603912354
5.039775371551514
3.600193500518799
3.600193500518799
5.044288158416748
3.5926551818847656
5.023573875427246
3.5870542526245117
4.991306781768799
3.582759380340576
3.560173511505127
3.5520918369293213
3.5520918369293213
3.486999988555908
3.4351935386657715
3.2299489974975586
4.9616241455078125
3.2593178749084473
2.5846829414367676
2.583516836166382
2.577888250350952
2.577888250350952
2.56982684135437
2.5674595832824707
2.5561838150024414
2.4978697299957275
2.5629560947418213
2.561800718307495
2.585806369781494
2.584799289703369
2.584799289703369
2.571207046508789
2.5485610961914062
2.5397796630859375
2.5017309188842773
2.505000591278076
3.592433452606201
3.6351327896118164
3.548828125
3.548828125
2.6076998710632324
2.643223524093628
2.629638195037842
2.610642910003662
2.555748224258423
2.5297691822052
2.514371156692505
3.6181626319885254
3.6181626319885254
4.930027008056641
3.599398136138916
3.4387547969818115
2.553105115890503
2.5736351013183594
2.55594539642334
2.544154167175293
2.5052547454833984
2.5052547454833984
3.554612874984741
3.617269515991211
2.5741052627563477
2.5915417671203613
2.5874953269958496
2.57354998588562
2.55246639251709
2.539353370666504
2.539353370666504
2.515174150466919
2.501749038696289
3.5743377208709717
3.5748391151428223
3.519242763519287
3.3543453216552734
3.6357386112213135
2.577683210372925
2.577683210372925
2.5529098510742188
2.561530590057373
2.5422961711883545
2.545950412750244
2.5414934158325195
2.658257007598877
2.4737672805786133
2.5751290321350098
2.5751290321350098
2.5694212913513184
2.550384044647217
2.5415329933166504
2.552091121673584
2.5275635719299316
2.5291390419006348
2.5167932510375977
3.6483278274536133
3.6483278274536133
3.2743024826049805
2.607618570327759
2.5877890586853027
2.5599002838134766
2.5454719066619873
2.5419952869415283
2.538425922393799
2.566956043243408
2.566956043243408
2.9636130332946777
3.7119498252868652
3.5818934440612793
2.48357892036438
2.446404457092285
2.4338135719299316
2.457484245300293
2.4930360317230225
2.4930360317230225
2.5248923301696777
2.7251362800598145
-0.8521711230278015
-2.152313709259033
-2.188015937805176
4.301063060760498
4.313225746154785
4.374417304992676
4.374417304992676
-1.465937852859497
-1.9783265590667725
4.47183895111084
4.342374324798584
4.402039051055908
4.412861347198486
4.435741424560547
4.458774566650391
4.458774566650391
4.47448205947876
4.537555694580078
4.534374713897705
-2.0323688983917236
-2.0865721702575684
4.244423866271973
4.169439792633057
4.185938358306885
4.185938358306885
4.214504241943359
4.344668388366699
4.409696578979492
4.4552412033081055
4.5075273513793945
4.728090286254883
4.493738651275635
4.598482608795166
4.598482608795166
4.44633674621582
-1.541448712348938
4.419483184814453
4.403927326202393
4.340655326843262
4.177969455718994
4.066568851470947
4.08664608001709
4.08664608001709
4.386069297790527
4.357156753540039
5.595172882080078
4.370713233947754
4.372088432312012
-2.1654629707336426
-2.1942834854125977
4.321171760559082
4.321171760559082
4.288015365600586
4.266458034515381
4.42210578918457
4.4950270652771
4.257695198059082
5.6129021644592285
4.406493186950684
4.1776838302612305
4.1776838302612305
-2.2533860206604004
-2.2432186603546143
4.2858076095581055
4.191990852355957
4.263110160827637
4.367077827453613
4.432162284851074
4.150084495544434
4.150084495544434
5.321860313415527
3.6691675186157227
3.9073362350463867
-2.242036819458008
-1.6171950101852417
4.362637519836426
4.300478935241699
4.3523335456848145
4.3523335456848145
4.421751976013184
4.431530475616455
3.986142158508301
3.9454689025878906
3.85739803314209
3.8699235916137695
3.9767885208129883
4.147533416748047
4.147533416748047
-2.1819024085998535
-2.125851631164551
-2.1598663330078125
4.388936996459961
4.296894073486328
4.252447605133057
4.2469282150268555
4.175169944763184
4.175169944763184
4.1623077392578125
3.340730905532837
3.098095655441284
3.305929660797119
3.735358238220215
4.0068583488464355
4.286345958709717
4.653351783752441
4.653351783752441
4.303732872009277
4.5469651222229
4.624937534332275
3.6649370193481445
4.3060407638549805
3.7487378120422363
4.351251602172852
5.220955848693848
5.220955848693848
4.006831169128418
5.171733856201172
4.045869827270508
5.2024970054626465
4.062805652618408
5.212514877319336
4.073914527893066
5.226248741149902
5.226248741149902
4.08475399017334
5.23173713684082
4.003008842468262
5.215118408203125
4.215536117553711
5.636491775512695
3.856645345687866
3.475104808807373
3.475104808807373
4.212488174438477
3.8683478832244873
5.352892875671387
4.402172088623047
4.202591896057129
5.206332206726074
4.15754508972168
5.241580963134766
5.241580963134766
4.1871256828308105
4.984036445617676
5.3946075439453125
-1.5604727268218994
-0.9679792523384094
2.5825109481811523
2.6258363723754883
2.5880789756774902
2.5880789756774902
2.576019763946533
2.5946452617645264
2.5859453678131104
3.055701494216919
3.3005330562591553
4.952876091003418
3.587740421295166
-0.81016606092453
-0.81016606092453
-1.7902508974075317
4.310843467712402
-1.962717890739441
-1.232323169708252
-1.3586266040802002
-1.471441626548767
1.3811089992523193
1.3505595922470093
1.3505595922470093
1.6664938926696777
2.2119274139404297
3.070944309234619
2.4998626708984375
4.273926734924316
4.481772422790527
3.659167766571045
4.9783220291137695
4.9783220291137695
3.5089685916900635
4.993777751922607
3.9177534580230713
3.6299986839294434
5.011614799499512
4.159914016723633
4.947938919067383
4.864648342132568
4.864648342132568
11.963960647583008
0.9713630676269531
1.0057612657546997
1.0003186464309692
1.002494215965271
0.9998583793640137
1.0001029968261719
0.9998432397842407
0.9998432397842407
1.0006740093231201
1.0092694759368896
0.977662205696106
4.662565231323242
