-7.036232948303223
-7.036232948303223
-6.4006242752075195
-6.827919006347656
-7.103003978729248
-7.1169867515563965
-7.107842922210693
-7.097162246704102
-7.096428871154785
-7.115880966186523
-7.115880966186523
-6.770261764526367
-6.980618000030518
-6.966403007507324
-6.879630088806152
-6.777189254760742
-6.760632514953613
-6.769523620605469
-6.713620662689209
-6.713620662689209
-6.691356658935547
-6.637563705444336
-6.616459846496582
-6.584775924682617
-6.543309211730957
-6.51924991607666
-6.491992950439453
-6.7122297286987305
-6.7122297286987305
-6.826382637023926
-6.904848098754883
-6.892746925354004
-6.733951091766357
-6.848577976226807
-6.701272010803223
-7.02969217300415
-6.651377201080322
-6.651377201080322
-6.6540117263793945
-7.085439205169678
-6.619665622711182
-7.0813446044921875
-6.582233428955078
-7.098690986633301
-6.5776214599609375
-6.556001663208008
-6.556001663208008
-7.083124160766602
-6.535087585449219
-5.598196983337402
-7.022696018218994
-5.553602695465088
-7.0373430252075195
-6.954935073852539
-6.425097465515137
-6.425097465515137
-7.074636459350586
-6.333840370178223
-7.053326606750488
-6.708879470825195
-6.363436222076416
-6.388812065124512
-7.101494789123535
-6.337270259857178
-6.337270259857178
-7.069993019104004
-6.323307991027832
-7.101484775543213
-6.286880970001221
-6.318445205688477
-7.083756446838379
-6.263486862182617
-6.300520420074463
-6.300520420074463
-7.094357013702393
-6.2401323318481445
-7.077850818634033
-6.215882301330566
-7.0692033767700195
-6.197451114654541
-7.0666069984436035
-6.638664722442627
-6.638664722442627
-6.208164691925049
-7.089190483093262
-6.416499137878418
-6.17750358581543
-7.07697868347168
-6.542673587799072
-6.156425476074219
-6.162726402282715
-6.162726402282715
-7.067482948303223
-6.113236427307129
-6.149600982666016
-7.114631652832031
-6.4916229248046875
-6.953691482543945
-6.340094089508057
-6.110002040863037
-6.110002040863037
-6.117671966552734
-6.110544204711914
-7.073345184326172
-6.057973861694336
-7.07225227355957
-6.703214645385742
-6.051146507263184
-6.082798004150391
-6.082798004150391
-6.075683116912842
-6.073448181152344
-6.067598819732666
-6.059772968292236
-6.057788848876953
-6.0571441650390625
-6.698617935180664
-6.016750335693359
-6.016750335693359
-6.045594692230225
-6.039937496185303
-6.034135818481445
-6.007167339324951
-6.941113471984863
-5.986481666564941
-6.392664909362793
-6.539900779724121
-6.539900779724121
-5.988431930541992
-6.245994567871094
-6.362493515014648
-6.057793617248535
-6.158313751220703
-6.1588640213012695
-6.11592960357666
-6.070189952850342
-6.070189952850342
-5.9587531089782715
-5.746675491333008
-5.702983856201172
-6.028798580169678
-7.057766437530518
-5.61585807800293
-5.732297897338867
-5.617288589477539
-5.617288589477539
-6.931144714355469
-5.614025115966797
-5.625019550323486
-6.699538230895996
-5.9302144050598145
-5.759411811828613
-7.088977813720703
-5.902616500854492
-5.902616500854492
-10.462675094604492
-9.211813926696777
-1.2762582302093506
-3.635904312133789
5.33746337890625
3.0921993255615234
5.487948417663574
2.9528276920318604
2.9528276920318604
4.419657230377197
3.3086800575256348
2.7614808082580566
4.2220234870910645
2.803619384765625
2.818270206451416
1.7314026355743408
2.0832438468933105
2.0832438468933105
1.943962812423706
1.8044962882995605
1.7154326438903809
2.4138503074645996
3.1349987983703613
1.8983981609344482
2.945992946624756
3.190096378326416
3.190096378326416
2.404886245727539
2.626157760620117
2.779061794281006
3.392937183380127
2.831336736679077
2.7788686752319336
2.7152371406555176
2.7146573066711426
2.7146573066711426
2.7165780067443848
2.678314447402954
2.650658130645752
2.5990071296691895
2.652703046798706
2.702218532562256
2.7126638889312744
2.7302463054656982
2.7302463054656982
2.749290943145752
2.798872709274292
4.026498317718506
3.9336557388305664
3.935065746307373
3.9352641105651855
3.938035011291504
3.9320473670959473
3.9320473670959473
3.9349613189697266
2.86240816116333
2.8201534748077393
2.8020830154418945
2.7935664653778076
2.7945446968078613
2.7626304626464844
2.8051629066467285
2.8051629066467285
2.7351107597351074
2.787332057952881
4.01411771774292
3.9531970024108887
3.9401626586914062
3.925049304962158
3.9329023361206055
3.9346485137939453
3.9346485137939453
3.9342308044433594
3.931764602661133
3.9321370124816895
3.9330127239227295
3.9334280490875244
3.934408187866211
3.935393810272217
3.93625545501709
3.93625545501709
2.8456130027770996
2.811267375946045
2.8352670669555664
2.8195457458496094
2.822991371154785
2.7590460777282715
2.822230339050293
2.8260440826416016
2.8260440826416016
2.8978047370910645
4.0304460525512695
3.9454808235168457
3.935595989227295
3.9346864223480225
3.9372777938842773
3.93886661529541
3.9357080459594727
3.9357080459594727
3.6288247108459473
2.84462308883667
2.833897590637207
2.789416551589966
2.823787212371826
2.815704345703125
2.8079400062561035
2.8479137420654297
2.8479137420654297
2.7714037895202637
2.8258564472198486
2.824370861053467
2.819108009338379
2.831667423248291
2.895319700241089
2.88179874420166
2.8948616981506348
2.8948616981506348
2.9589200019836426
3.5049543380737305
2.822124719619751
2.8749847412109375
2.8818461894989014
2.7816624641418457
2.780895471572876
2.881993293762207
2.881993293762207
2.891993999481201
2.856612205505371
2.888796329498291
4.0232157707214355
2.9446544647216797
2.876248359680176
2.8866772651672363
2.8394641876220703
2.8394641876220703
2.82541561126709
2.8188414573669434
2.8365063667297363
4.019783973693848
3.9439854621887207
3.9372920989990234
3.939814567565918
3.84302020072937
3.84302020072937
3.7194886207580566
3.2636144161224365
2.8250412940979004
2.8055481910705566
2.81551456451416
2.8196072578430176
2.817533016204834
2.820094585418701
2.820094585418701
2.824326515197754
2.8407301902770996
2.835465908050537
2.821178674697876
2.8257548809051514
4.021613597869873
3.9447779655456543
4.882808685302734
4.882808685302734
2.8196206092834473
2.8427164554595947
2.8619799613952637
2.8265366554260254
2.8408737182617188
2.8527493476867676
2.839555263519287
2.8347396850585938
2.8347396850585938
2.830322742462158
2.841721534729004
2.853355884552002
2.8699097633361816
2.8643558025360107
2.8412041664123535
2.841613292694092
2.8371810913085938
2.8371810913085938
2.8383095264434814
2.847079038619995
2.877934694290161
2.8399035930633545
2.8728370666503906
2.8395090103149414
2.8648829460144043
2.8421430587768555
2.8421430587768555
2.837765693664551
2.841524839401245
2.841759204864502
2.839712381362915
2.838949203491211
2.8397650718688965
2.9281082153320312
3.068711042404175
3.068711042404175
3.2453575134277344
3.5091443061828613
3.790565013885498
5.072612762451172
4.4420647621154785
3.6651570796966553
3.242490768432617
4.684527397155762
4.684527397155762
3.590911865234375
4.490057945251465
3.0810184478759766
2.9379630088806152
2.9436028003692627
2.9459848403930664
2.9421801567077637
2.9418435096740723
2.9418435096740723
2.8860933780670166
2.9530186653137207
2.9766931533813477
2.9986765384674072
3.008922576904297
3.008543014526367
2.9793777465820312
2.928675651550293
2.928675651550293
2.8941617012023926
2.8706579208374023
2.8461108207702637
2.8549463748931885
2.792930841445923
3.9911601543426514
3.872079610824585
3.6954126358032227
3.6954126358032227
2.90425968170166
2.8923614025115967
2.884899377822876
2.889008045196533
2.8908498287200928
2.8917369842529297
2.900400400161743
2.8786110877990723
2.8786110877990723
2.8292384147644043
2.913884401321411
2.925692081451416
2.935070514678955
2.933924674987793
2.931302070617676
2.925548553466797
2.913297414779663
2.913297414779663
2.9152040481567383
2.889863967895508
2.885103702545166
2.882343053817749
2.830310106277466
2.9049177169799805
2.9273014068603516
2.9353179931640625
2.9353179931640625
2.9432308673858643
2.9358015060424805
2.928147315979004
2.9250144958496094
2.914571762084961
2.88364839553833
2.835637331008911
3.197805643081665
3.197805643081665
3.7046403884887695
2.9230589866638184
2.8850674629211426
2.881115674972534
2.8696980476379395
2.868624687194824
2.861501693725586
2.8634300231933594
2.8634300231933594
2.853543519973755
2.780717372894287
2.8485445976257324
2.8549509048461914
2.8520922660827637
2.854794502258301
2.84089994430542
2.8339695930480957
2.8339695930480957
2.8259270191192627
2.821298122406006
2.8167150020599365
2.808013439178467
2.808292865753174
2.935561418533325
2.841186046600342
2.844135284423828
2.844135284423828
2.833570957183838
2.821770668029785
2.817894220352173
2.8060779571533203
2.8126378059387207
2.8042759895324707
2.803697109222412
2.806751012802124
2.806751012802124
2.8561108112335205
2.8364315032958984
2.8340859413146973
2.826392650604248
2.8242015838623047
2.8156814575195312
2.8220419883728027
2.8389198780059814
2.8389198780059814
2.8427019119262695
2.844398260116577
3.9998254776000977
2.868350028991699
2.8606789112091064
2.8271877765655518
2.8356337547302246
2.848945140838623
2.848945140838623
2.855104923248291
2.8720223903656006
2.8335318565368652
2.8069539070129395
2.8087515830993652
2.835620880126953
4.012778282165527
3.949052095413208
3.949052095413208
2.861926555633545
2.817430019378662
2.7989327907562256
2.804542064666748
2.8068580627441406
2.818997621536255
-1.5769813060760498
4.268105983734131
4.268105983734131
4.169644832611084
4.069252967834473
4.093405723571777
-1.8634068965911865
-1.3894145488739014
4.154359817504883
4.130097389221191
4.07430362701416
4.07430362701416
3.9777379035949707
3.9493021965026855
3.959822654724121
4.004059791564941
4.0405988693237305
4.083064079284668
4.118542194366455
-2.1743998527526855
-2.1743998527526855
-2.150829315185547
-2.1305994987487793
4.17827033996582
4.125398635864258
4.1160173416137695
4.112600326538086
4.159137725830078
4.154526710510254
4.154526710510254
4.1329193115234375
4.113274574279785
4.030592441558838
-2.132711887359619
-2.1206979751586914
-2.1083898544311523
4.106209754943848
4.162142753601074
4.162142753601074
4.132070541381836
4.140998840332031
4.085971832275391
3.9492907524108887
4.03087854385376
4.226221084594727
-1.244370937347412
-2.179058074951172
-2.179058074951172
4.17927360534668
4.203932762145996
4.039254188537598
3.88142991065979
3.8734588623046875
3.930645704269409
3.9899611473083496
4.060858726501465
4.060858726501465
-1.5244219303131104
-2.162209987640381
4.0521392822265625
3.9699864387512207
3.9772109985351562
4.037513732910156
4.113658905029297
4.2738776206970215
4.2738776206970215
3.843745708465576
3.938824415206909
3.6853857040405273
-2.220435857772827
-2.1996774673461914
-2.1838858127593994
3.7873642444610596
3.593740463256836
3.593740463256836
3.5536489486694336
3.6112921237945557
3.6880433559417725
3.836498260498047
4.037459373474121
4.180783271789551
-1.4926350116729736
-1.6329233646392822
-1.6329233646392822
-2.066230297088623
4.104892253875732
3.9221348762512207
3.816944122314453
3.7910194396972656
3.8405163288116455
3.960737705230713
4.150619029998779
4.150619029998779
4.237118244171143
5.218588829040527
2.1511216163635254
4.276000022888184
3.319772958755493
3.824596881866455
4.370603561401367
3.9608211517333984
3.9608211517333984
4.09950590133667
4.071917533874512
4.046074867248535
4.05735969543457
4.055893898010254
-1.2960251569747925
-1.8390300273895264
-1.349132776260376
-1.349132776260376
-1.8289039134979248
-1.3497445583343506
-2.347106456756592
-1.7194912433624268
-2.1250429153442383
-2.129110097885132
-2.133457660675049
3.5038790702819824
3.5038790702819824
3.5861501693725586
3.7530879974365234
3.9737062454223633
4.186187744140625
5.012844085693359
3.9938902854919434
4.020377159118652
-1.7916170358657837
-1.7916170358657837
-1.3541069030761719
-1.406376600265503
-1.422492504119873
-2.246473789215088
-2.1433277130126953
-2.0706217288970947
-1.710986614227295
1.3601834774017334
1.3601834774017334
2.196662425994873
-2.0529747009277344
3.151603937149048
4.895053863525391
3.831693172454834
3.9746203422546387
4.914501190185547
3.9643025398254395
3.9643025398254395
3.9670968055725098
4.900455474853516
3.9529123306274414
4.013276100158691
4.963396072387695
4.722899913787842
2.9956698417663574
2.971348762512207
2.971348762512207
2.98569917678833
3.0150861740112305
3.0211915969848633
3.034109354019165
3.0164499282836914
2.982731819152832
2.9510915279388428
3.218034029006958
3.218034029006958
4.849124908447266
3.2014036178588867
3.906212568283081
4.000829696655273
4.250815391540527
3.98018741607666
3.9356343746185303
4.816006660461426
4.816006660461426
3.9230401515960693
3.9371209144592285
3.935798168182373
3.9365663528442383
3.936018228530884
3.937568187713623
3.938897132873535
4.762302398681641
4.762302398681641
3.9229369163513184
4.870279312133789
2.939518690109253
2.9394750595092773
2.954927444458008
2.980001449584961
2.9737472534179688
2.957920551300049
2.957920551300049
2.9606943130493164
2.9942660331726074
3.3218941688537598
4.454382419586182
3.2455430030822754
4.025701522827148
3.941659450531006
3.6004490852355957
3.6004490852355957
4.469670295715332
3.9417214393615723
4.440672397613525
4.383207321166992
4.389107704162598
4.334725379943848
0.6458892822265625
4.727234840393066
4.727234840393066
4.137059688568115
3.936187982559204
3.951155424118042
1.2899487018585205
0.9688370227813721
4.641898155212402
3.8628408908843994
4.741753101348877
4.741753101348877
0.9223225116729736
1.2174997329711914
4.433703899383545
3.864335536956787
12.703096389770508
1.1072332859039307
3.7388386726379395
3.873802900314331
3.873802900314331
9.146003723144531
1.0058341026306152
5.203938007354736
1.1210246086120605
3.8031210899353027
3.9219861030578613
0.9664888381958008
1.5977423191070557
1.5977423191070557
1.5525672435760498
1.1014963388442993
4.646465301513672
4.246953964233398
3.9148340225219727
1.5031931400299072
1.3421239852905273
1.508772850036621
1.508772850036621
4.540989875793457
4.69262170791626
1.2843611240386963
0.9569568634033203
1.4543434381484985
4.3765668869018555
11.097070693969727
0.890225887298584
0.890225887298584
1.047041654586792
3.7511353492736816
4.735559940338135
0.9478946924209595
1.1811189651489258
3.732208251953125
4.760374546051025
0.9551210403442383
0.9551210403442383
1.378319263458252
1.5217297077178955
3.0013787746429443
3.220672369003296
1.1447806358337402
1.487107753753662
1.5817960500717163
2.9524810314178467
2.9524810314178467
2.995283603668213
0.9438350200653076
1.0629329681396484
1.217402696609497
2.891460418701172
3.0520005226135254
1.0155010223388672
1.2500218152999878
1.2500218152999878
1.29878830909729
2.8606748580932617
2.962307929992676
0.9370583295822144
1.1644349098205566
1.0807645320892334
1.319284200668335
2.9035091400146484
2.9035091400146484
2.988117218017578
0.9202120304107666
1.193016529083252
1.2949199676513672
1.3488314151763916
2.8714637756347656
2.922539234161377
0.871835470199585
0.871835470199585
1.126159429550171
1.1686663627624512
1.207763433456421
2.8143534660339355
3.5364913940429688
2.9655604362487793
0.9393305778503418
1.1981749534606934
1.1981749534606934
1.2554616928100586
2.8757245540618896
2.9386091232299805
2.942337989807129
8.030485153198242
1.1297459602355957
1.2188597917556763
1.210744857788086
1.210744857788086
2.8245491981506348
2.9173836708068848
2.943391799926758
8.061219215393066
1.1086798906326294
1.1647453308105469
2.8425769805908203
2.9337077140808105
2.9337077140808105
2.9251270294189453
2.9090123176574707
2.9165265560150146
2.8877930641174316
2.972073554992676
2.9446845054626465
2.945190191268921
2.927067756652832
2.927067756652832
2.9309844970703125
2.883258104324341
2.9458534717559814
2.9371402263641357
2.864159107208252
2.929405689239502
2.94016695022583
2.944552183151245
2.944552183151245
2.9461092948913574
2.8866117000579834
2.8925137519836426
2.9130442142486572
2.9419431686401367
2.8786497116088867
2.922132968902588
2.90802001953125
2.90802001953125
2.919240951538086
2.849088191986084
2.912667751312256
2.912323474884033
2.945769786834717
4.082102298736572
2.9596261978149414
2.9314303398132324
2.9314303398132324
2.768366813659668
2.801389217376709
2.829401731491089
2.8630013465881348
2.865112781524658
2.922564744949341
2.8834967613220215
2.8321127891540527
2.8321127891540527
2.8638620376586914
3.079120635986328
2.870021343231201
2.8309218883514404
2.8111519813537598
2.7854464054107666
2.8394670486450195
3.0100412368774414
3.0100412368774414
2.832686185836792
2.839444160461426
2.8986096382141113
2.804877758026123
2.8002548217773438
2.7922680377960205
2.701615810394287
2.7164487838745117
2.7164487838745117
2.720860481262207
2.654568672180176
2.702741861343384
2.720269203186035
2.675678253173828
2.8224215507507324
3.6961588859558105
-1.3013328313827515
-1.3013328313827515
4.134159564971924
-1.4386916160583496
4.226166725158691
4.165570259094238
-1.3888061046600342
4.1926350593566895
5.098003387451172
-1.4115347862243652
-1.4115347862243652
4.1091718673706055
4.103148460388184
-1.8932991027832031
4.1155219078063965
3.956197738647461
-2.2615621089935303
3.767521381378174
3.6033754348754883
3.6033754348754883
-2.2689456939697266
4.186745643615723
4.230924129486084
-1.49314546585083
4.156830787658691
4.219745635986328
5.056162357330322
-1.3342604637145996
-1.3342604637145996
4.065761566162109
4.106632232666016
-1.8821965456008911
4.703168869018555
4.041604042053223
-2.1806721687316895
3.993631601333618
3.8094911575317383
3.8094911575317383
3.885824680328369
-2.1904332637786865
4.1843743324279785
4.268089771270752
4.315366268157959
-1.2873879671096802
4.081879138946533
4.175751686096191
4.175751686096191
4.1777238845825195
-1.3313233852386475
4.131269454956055
3.9417805671691895
3.778874397277832
-2.108469009399414
4.03135347366333
3.9880661964416504
3.9880661964416504
4.153959274291992
-1.4501957893371582
4.182466506958008
4.123407363891602
4.13288688659668
-1.800059199333191
4.530306816101074
4.081613540649414
4.081613540649414
4.988584518432617
-2.129103660583496
3.8903985023498535
3.550153970718384
3.082439422607422
-2.1567511558532715
3.9851722717285156
4.080768585205078
4.080768585205078
4.266090393066406
-1.3229422569274902
4.076594352722168
4.004951477050781
4.007743835449219
-1.797140121459961
4.066946029663086
4.0158586502075195
4.0158586502075195
5.018045902252197
-1.3595129251480103
4.075737953186035
3.9869682788848877
3.6722168922424316
-1.3469491004943848
3.874483346939087
1.958324909210205
1.958324909210205
1.6821798086166382
4.5851311683654785
4.591214179992676
-1.6049845218658447
-1.9523961544036865
4.928282737731934
4.6459197998046875
-1.3371435403823853
-1.3371435403823853
-1.7728567123413086
4.04741907119751
5.028695106506348
5.036142826080322
-1.6988263130187988
-1.8108304738998413
4.994731903076172
4.928161144256592
4.928161144256592
5.06843900680542
-1.7053457498550415
-1.836158275604248
4.970491409301758
4.882112503051758
-1.702659010887146
-1.8352322578430176
5.0013227462768555
5.0013227462768555
4.903811931610107
-1.7027980089187622
-1.842315435409546
-1.8749830722808838
5.0145392417907715
-1.622471809387207
-1.8305569887161255
-1.7309688329696655
-1.7309688329696655
-1.702624797821045
-0.22608864307403564
-0.3123765289783478
-0.8232908844947815
-1.698869228363037
3.8203885555267334
5.027102947235107
4.2325334548950195
4.2325334548950195
5.027811050415039
4.82496452331543
4.852701187133789
4.940277099609375
4.94063663482666
4.684308052062988
3.9513375759124756
4.930498123168945
4.930498123168945
4.854896545410156
4.857721328735352
4.738583564758301
4.707601547241211
4.70799446105957
4.762439727783203
4.86293363571167
4.729804039001465
4.729804039001465
4.649930000305176
3.8953323364257812
4.897396564483643
4.624086380004883
3.9139552116394043
4.83532190322876
4.812817573547363
4.795146942138672
4.795146942138672
4.791995048522949
4.780227184295654
4.904120445251465
4.667376518249512
4.696754455566406
4.703719139099121
4.836650371551514
4.787250518798828
4.787250518798828
4.779285430908203
1.1272006034851074
4.683106899261475
4.712988376617432
1.133476972579956
1.2699787616729736
4.638520240783691
4.763593673706055
4.763593673706055
1.1498937606811523
4.655606269836426
4.718077182769775
1.2103898525238037
4.603420257568359
4.710312843322754
1.2115459442138672
4.603785514831543
4.603785514831543
4.704834938049316
1.1983320713043213
4.576778888702393
4.663476943969727
1.1583375930786133
3.741955280303955
9.199993133544922
1.0296854972839355
1.0296854972839355
4.544630527496338
6.027248859405518
6.5097551345825195
4.15369176864624
4.491649627685547
4.3100361824035645
12.767107009887695
1.1930180788040161
1.1930180788040161
4.535950183868408
4.595317363739014
4.608893394470215
1.070185899734497
4.639344215393066
4.765342712402344
1.1675236225128174
4.675516128540039
4.675516128540039
4.745107650756836
1.1908398866653442
1.3054555654525757
4.687245845794678
4.762246131896973
1.2694709300994873
1.361577033996582
4.656221389770508
4.656221389770508
1.0979254245758057
1.3632547855377197
4.6506171226501465
1.1542609930038452
1.418651819229126
4.61672830581665
1.1904475688934326
1.4472341537475586
1.4472341537475586
4.581089496612549
1.2495665550231934
1.4379942417144775
4.026628494262695
1.1390187740325928
1.4242346286773682
3.748049259185791
1.2268588542938232
1.2268588542938232
1.3856241703033447
4.569571018218994
1.2240179777145386
1.0005162954330444
4.65269660949707
0.9864934682846069
1.0274007320404053
4.6163225173950195
4.6163225173950195
0.9570872187614441
1.2069854736328125
3.689361095428467
1.0589361190795898
3.7435426712036133
1.0736815929412842
3.7399110794067383
1.0829474925994873
1.0829474925994873
3.739168643951416
1.0574618577957153
3.7186460494995117
1.0350520610809326
3.741483449935913
1.0830552577972412
4.12248420715332
0.9946764707565308
0.9946764707565308
3.895625114440918
1.415675401687622
3.132948875427246
4.098782539367676
8.70054817199707
3.137270927429199
4.72296142578125
4.3543524742126465
4.3543524742126465
1.1476595401763916
2.8807835578918457
2.8941490650177
0.8434317111968994
1.1009740829467773
3.720381021499634
0.7675398588180542
1.0290240049362183
1.0290240049362183
1.160064935684204
2.900897264480591
3.1065304279327393
0.9907599687576294
1.2495737075805664
3.0211048126220703
3.075035572052002
0.8766366243362427
0.8766366243362427
1.0937474966049194
2.8702011108398438
2.8942415714263916
0.8167837858200073
1.0971752405166626
2.907191753387451
3.0567824840545654
0.8352300524711609
0.8352300524711609
1.090280532836914
2.8919830322265625
2.996900796890259
0.7499399185180664
0.9886853694915771
2.8073930740356445
2.870601177215576
7.9702677726745605
7.9702677726745605
3.147418975830078
3.2655720710754395
3.2452023029327393
2.8485474586486816
2.939408779144287
2.89404296875
2.848236083984375
2.8893444538116455
2.8893444538116455
2.858915328979492
2.8371143341064453
2.9617726802825928
2.8460564613342285
3.9967098236083984
3.3698158264160156
3.8913230895996094
2.863534927368164
2.863534927368164
2.9014883041381836
2.900300979614258
2.8441648483276367
2.868968963623047
2.805478096008301
2.862964630126953
2.8253417015075684
2.8769805431365967
2.8769805431365967
2.8914451599121094
2.91520357131958
2.935515880584717
2.873969554901123
2.9258227348327637
2.866283655166626
2.8951921463012695
2.882051944732666
2.882051944732666
2.9905238151550293
2.8827965259552
2.976304054260254
2.8642444610595703
2.8860855102539062
2.855412483215332
2.8425681591033936
2.8482656478881836
2.8482656478881836
2.8333852291107178
2.843860626220703
2.826103687286377
2.8371644020080566
2.943497657775879
3.6710851192474365
2.8659310340881348
2.896596670150757
2.896596670150757
2.8575358390808105
2.8498473167419434
2.951293468475342
4.031036853790283
3.4593381881713867
3.811197519302368
2.89298152923584
3.7882566452026367
3.7882566452026367
2.883291482925415
2.8306384086608887
2.7909860610961914
2.7844343185424805
2.7577290534973145
2.767042875289917
2.732701539993286
2.763097047805786
2.763097047805786
2.7674927711486816
2.8732261657714844
2.971954345703125
4.067590713500977
-0.45841699838638306
4.50459098815918
-1.795912265777588
-0.7602734565734863
-0.7602734565734863
4.109397888183594
-1.896183729171753
4.695900917053223
-2.169905424118042
3.872159481048584
-2.2173478603363037
4.106136322021484
-2.1890010833740234
-2.1890010833740234
4.18463134765625
-1.7451562881469727
4.086524963378906
-2.1485328674316406
4.324641227722168
-1.3733866214752197
4.267001152038574
-1.782315731048584
-1.782315731048584
4.587532043457031
-1.7073853015899658
4.738956451416016
-1.3064687252044678
4.03660249710083
-1.404725432395935
4.291894912719727
-1.791917324066162
-1.791917324066162
4.215601444244385
-1.2751944065093994
4.952061176300049
-1.4169771671295166
3.950361490249634
-1.524094581604004
4.384218215942383
-1.3108811378479004
-1.3108811378479004
4.224299430847168
-1.2999169826507568
4.043072700500488
-2.145132541656494
4.279177665710449
-1.4362125396728516
4.228738784790039
-1.2889461517333984
-1.2889461517333984
4.086282730102539
-1.2814364433288574
4.097316741943359
-1.6637771129608154
3.7152552604675293
-2.195483922958374
4.081112861633301
-1.597238540649414
-1.597238540649414
4.198483943939209
-1.422251582145691
4.141400337219238
-1.2189888954162598
3.9158010482788086
-1.7737199068069458
4.149656295776367
-1.3154971599578857
-1.3154971599578857
4.079291820526123
-1.302565097808838
4.055944442749023
-1.2914787530899048
4.0800018310546875
-1.2887351512908936
4.1392292976379395
-1.3025906085968018
-1.3025906085968018
4.053687572479248
-1.2831628322601318
4.062944412231445
-1.7734754085540771
4.481982707977295
-1.6773476600646973
4.758210182189941
-1.3693420886993408
-1.3693420886993408
3.1923704147338867
-2.188687324523926
2.989035129547119
1.7832465171813965
-1.8442503213882446
4.0576629638671875
4.298534393310547
-1.3692152500152588
-1.3692152500152588
4.848298072814941
-1.3220417499542236
4.90341854095459
-1.3308985233306885
4.913045883178711
-1.3292388916015625
4.03786039352417
-1.2699506282806396
-1.2699506282806396
4.073677062988281
-1.2706220149993896
4.921198844909668
-1.377346396446228
4.038924217224121
-1.2717068195343018
4.069517135620117
-1.2721569538116455
-1.2721569538116455
4.0733137130737305
-1.7709150314331055
4.336600303649902
-1.7206594944000244
4.46409797668457
-1.8049708604812622
-1.9235702753067017
0.8307266235351562
0.8307266235351562
-1.6831094026565552
-1.8854460716247559
-1.998203158378601
4.6053080558776855
4.6194539070129395
-2.0090548992156982
-0.20670130848884583
-2.0425007343292236
-2.0425007343292236
-0.40642300248146057
-0.4113645553588867
4.696634769439697
4.747715950012207
4.786222457885742
4.839114665985107
4.80244255065918
4.802236557006836
4.802236557006836
4.835508346557617
4.7972187995910645
4.794796943664551
4.836909294128418
4.8015031814575195
4.792503833770752
4.8386945724487305
4.795742988586426
4.795742988586426
4.760813236236572
4.850007057189941
4.776627063751221
4.765253067016602
4.849048137664795
4.786616325378418
4.753705978393555
4.8497724533081055
4.8497724533081055
4.7824249267578125
4.828487396240234
4.764458656311035
4.757828712463379
4.8509063720703125
4.785772323608398
4.837163925170898
4.768675804138184
4.768675804138184
4.827392578125
4.769128799438477
4.837285995483398
4.773496627807617
4.837783336639404
4.769947052001953
4.836158752441406
4.777088165283203
4.777088165283203
4.836576461791992
4.7691545486450195
4.833683967590332
4.759860038757324
4.831865310668945
4.776800632476807
4.834382057189941
4.779550552368164
4.779550552368164
4.837108612060547
4.776859283447266
4.830679893493652
4.765181541442871
4.824213027954102
12.39417839050293
4.765929222106934
1.5968997478485107
1.5968997478485107
4.564887523651123
1.2123408317565918
4.579685211181641
1.2389440536499023
4.599783897399902
1.2465424537658691
4.609004497528076
1.221603274345398
1.221603274345398
4.617839813232422
1.242429256439209
4.6251420974731445
1.2214348316192627
4.61363410949707
1.2540148496627808
4.617279529571533
1.240645170211792
1.240645170211792
4.614545822143555
1.2856714725494385
4.616291046142578
1.2941138744354248
4.608211994171143
1.3070414066314697
4.600807189941406
1.2946598529815674
1.2946598529815674
4.59153413772583
1.3217546939849854
4.592906951904297
1.3360331058502197
4.603014945983887
1.316382646560669
4.609347343444824
1.366081714630127
1.366081714630127
4.586843490600586
1.374788761138916
4.519204616546631
1.3834818601608276
4.222641944885254
2.893181324005127
12.374828338623047
9.290760040283203
9.290760040283203
8.584687232971191
9.846963882446289
8.754751205444336
10.828596115112305
12.053483963012695
9.158027648925781
7.849498748779297
7.910597324371338
7.910597324371338
8.212169647216797
10.374873161315918
8.068880081176758
17.155925750732422
2.784792184829712
4.657726764678955
2.691450595855713
2.885831117630005
2.885831117630005
4.927822113037109
2.2606124877929688
2.757761001586914
4.054776191711426
2.4021286964416504
2.7637593746185303
4.003653049468994
2.2299134731292725
2.2299134731292725
2.5917129516601562
3.995598793029785
2.2820138931274414
2.612380027770996
3.938218116760254
2.2148914337158203
2.523350238800049
3.6034159660339355
3.6034159660339355
2.17185640335083
3.812086820602417
2.1964430809020996
3.8089499473571777
2.205383777618408
2.598595142364502
4.023507595062256
2.373401165008545
2.373401165008545
4.085953712463379
2.3459300994873047
4.009124279022217
2.253727912902832
3.8035809993743896
2.1011545658111572
4.160323143005371
2.4564576148986816
2.4564576148986816
4.604605674743652
2.15216064453125
3.669278383255005
2.216745376586914
3.926201343536377
2.3065314292907715
4.030855655670166
2.278229236602783
2.278229236602783
3.8848791122436523
2.1485397815704346
3.7856602668762207
2.105616807937622
3.698442220687866
2.036656379699707
4.72445011138916
2.106475353240967
2.106475353240967
3.720823287963867
2.105377197265625
3.7692041397094727
2.143643379211426
3.7892332077026367
2.09475040435791
3.787454128265381
2.0765795707702637
2.0765795707702637
3.7196805477142334
3.776616096496582
3.6932668685913086
3.7482059001922607
3.661177158355713
3.790030002593994
3.7044506072998047
3.820155620574951
3.820155620574951
3.7587711811065674
3.6984238624572754
3.713146448135376
3.6909055709838867
3.7018985748291016
3.7327096462249756
3.6436004638671875
3.6966443061828613
3.6966443061828613
3.6206839084625244
3.6942644119262695
3.6610114574432373
3.794999599456787
3.6927237510681152
3.702688455581665
3.6790428161621094
3.791480779647827
3.791480779647827
3.6964926719665527
3.7256107330322266
3.645920753479004
3.6635749340057373
3.641481399536133
3.7334511280059814
4.9282121658325195
3.6544744968414307
3.6544744968414307
3.7093241214752197
3.728908061981201
3.61472225189209
3.6980841159820557
4.935322284698486
3.6629600524902344
3.6016845703125
3.6738195419311523
3.6738195419311523
3.654651403427124
3.6604666709899902
3.6356043815612793
3.8552989959716797
3.5722217559814453
3.6073687076568604
3.587362289428711
3.5598196983337402
3.5598196983337402
3.5324649810791016
3.5996556282043457
3.5884718894958496
3.6646621227264404
4.918603420257568
-0.3360599875450134
4.70646333694458
-1.3973537683486938
-1.3973537683486938
-0.5392504930496216
-1.4593902826309204
-0.6215607523918152
-1.4432975053787231
-0.5478569269180298
-1.4145690202713013
3.614400863647461
3.6684789657592773
3.6684789657592773
3.6323156356811523
3.6410796642303467
-0.9695631861686707
4.749359130859375
4.840633392333984
-1.0235412120819092
1.1787190437316895
4.680645942687988
4.680645942687988
-0.6080546379089355
4.647475242614746
-0.6150144934654236
4.818323135375977
-0.22990509867668152
4.883928298950195
-0.24090172350406647
5.091468334197998
5.091468334197998
-0.33401575684547424
5.882625579833984
-0.24741452932357788
5.915774345397949
-0.3198339343070984
5.896613597869873
-0.30479463934898376
4.967263221740723
4.967263221740723
-0.3447999358177185
5.773159027099609
-0.23926693201065063
6.052371501922607
-0.32198724150657654
6.029183387756348
-0.27833038568496704
6.033586025238037
6.033586025238037
-0.3746650218963623
4.949901580810547
-0.3491664528846741
5.795186519622803
-0.3213902711868286
6.019484043121338
-0.3074561357498169
6.099989414215088
6.099989414215088
-0.16210207343101501
6.152113914489746
-0.2328784167766571
6.171504020690918
-0.24284332990646362
6.17086124420166
-0.16364482045173645
6.03823709487915
6.03823709487915
-0.15906409919261932
6.045831680297852
-0.15737363696098328
6.101920127868652
-0.1700056791305542
4.989208221435547
-0.15822187066078186
4.960881233215332
4.960881233215332
-0.15990635752677917
5.951779365539551
-0.20235446095466614
4.958232879638672
-0.23523357510566711
4.9533491134643555
-0.1620093733072281
5.989846229553223
5.989846229553223
-0.22832655906677246
6.1185760498046875
-0.25065532326698303
6.020584583282471
-0.27103155851364136
5.991195201873779
-0.22484593093395233
5.870853900909424
5.870853900909424
-0.17507430911064148
6.037925720214844
-0.18864646553993225
6.149609565734863
-0.24741417169570923
6.134224891662598
-0.27644550800323486
6.106283187866211
6.106283187866211
-0.2717601954936981
6.106828212738037
-0.24264362454414368
6.107470989227295
-0.2402133345603943
6.128152370452881
-0.25624212622642517
6.14631462097168
6.14631462097168
-0.2616858184337616
6.141446590423584
-0.2658432126045227
6.151123046875
-0.26945048570632935
6.134574890136719
-0.2652440071105957
6.088504791259766
6.088504791259766
-0.2658303380012512
6.09748649597168
-0.2703993320465088
6.086475849151611
-0.2664449214935303
6.086741924285889
-0.25907695293426514
6.071321487426758
6.071321487426758
-0.26017817854881287
6.076545238494873
-0.2531138062477112
6.055288314819336
-0.2592952251434326
6.05985164642334
-0.25128865242004395
6.07960844039917
6.07960844039917
-0.25605636835098267
6.061332702636719
-0.23686331510543823
-0.30637985467910767
1.5333380699157715
-0.3772142827510834
1.5239644050598145
-0.39973151683807373
-0.39973151683807373
1.1824815273284912
-1.3867847919464111
2.544131278991699
5.203588485717773
5.922793388366699
5.377201080322266
4.800718784332275
5.985764026641846
5.985764026641846
5.854184627532959
5.891974449157715
5.887111663818359
5.8929643630981445
5.895648002624512
5.885282039642334
5.891035079956055
5.877814769744873
5.877814769744873
5.889482498168945
5.875984191894531
5.899238109588623
5.863737106323242
5.896428108215332
5.8626532554626465
5.899366855621338
5.8441972732543945
5.8441972732543945
5.902946472167969
5.852361679077148
5.8982439041137695
5.839864730834961
5.899618148803711
5.848000526428223
5.891557693481445
5.826261043548584
5.826261043548584
5.894827365875244
5.836324691772461
5.894888401031494
5.832959175109863
5.896571159362793
5.820874214172363
5.897730350494385
5.8175764083862305
5.8175764083862305
5.892705917358398
13.914051055908203
5.728107452392578
5.83896541595459
4.086969375610352
5.520511627197266
3.809720039367676
5.6556620597839355
5.6556620597839355
3.9279260635375977
5.54826545715332
4.340506553649902
5.656816482543945
5.855416297912598
4.34512186050415
5.69259786605835
5.8379316329956055
5.8379316329956055
4.274532318115234
5.656548976898193
4.48792839050293
5.706988334655762
5.858682155609131
4.347570419311523
5.653408050537109
4.4257426261901855
4.4257426261901855
5.6557464599609375
5.785053253173828
4.249698638916016
5.545988082885742
4.107071876525879
4.640695571899414
5.9401068687438965
3.0794050693511963
3.0794050693511963
4.026737689971924
8.298701286315918
10.061932563781738
4.417610168457031
4.845191955566406
2.6621322631835938
4.627918243408203
2.8303377628326416
2.8303377628326416
5.77101469039917
2.860665798187256
5.769067764282227
2.8949503898620605
5.711172103881836
3.2045555114746094
4.647492408752441
3.4076781272888184
3.4076781272888184
4.640859603881836
2.9235639572143555
5.720885753631592
3.547759532928467
4.645441055297852
2.936363458633423
5.712997913360596
2.945558547973633
2.945558547973633
4.646512031555176
4.481500625610352
4.9521484375
2.461686611175537
4.25971794128418
4.681231498718262
3.4587020874023438
4.77090311050415
4.77090311050415
2.8890480995178223
4.234254837036133
2.4313361644744873
3.9833192825317383
2.460330009460449
3.914544105529785
2.3616843223571777
3.774714469909668
3.774714469909668
2.23185658454895
4.772829532623291
2.4443559646606445
3.947798252105713
2.4370126724243164
4.14284610748291
2.4994454383850098
4.164636611938477
4.164636611938477
2.4358301162719727
4.001574993133545
2.2841453552246094
3.987389087677002
2.409585952758789
4.054361343383789
2.398911476135254
3.9552950859069824
3.9552950859069824
2.3200294971466064
3.7356584072113037
2.3179802894592285
3.979799270629883
2.4009761810302734
4.0269622802734375
2.3708057403564453
3.9539742469787598
3.9539742469787598
2.3618435859680176
4.0854644775390625
2.435624599456787
4.132246971130371
2.415973663330078
4.019791126251221
2.313601016998291
3.8132002353668213
3.8132002353668213
2.191269874572754
3.679928779602051
2.1929361820220947
3.7187013626098633
2.1729321479797363
3.7466347217559814
2.2419371604919434
3.9664647579193115
3.9664647579193115
2.302645444869995
4.059972763061523
2.2957935333251953
4.007380485534668
2.2267332077026367
3.8765058517456055
2.130359649658203
3.702883243560791
3.702883243560791
2.032240867614746
4.76459264755249
2.1505467891693115
3.648569107055664
2.0124011039733887
3.684032917022705
2.0789406299591064
3.8783302307128906
3.8783302307128906
2.1187384128570557
3.8945839405059814
2.047197103500366
3.757840633392334
1.9983103275299072
3.731623411178589
1.984938621520996
3.7023887634277344
3.7023887634277344
8.740009307861328
3.8106913566589355
3.6784749031066895
3.7066941261291504
3.725984573364258
3.7709574699401855
3.675995111465454
3.744746446609497
3.744746446609497
3.674889087677002
3.7091598510742188
3.6561508178710938
3.665372133255005
3.6778564453125
3.7302682399749756
3.6967780590057373
3.5997700691223145
3.5997700691223145
3.6379079818725586
3.6536004543304443
4.966114044189453
4.685537338256836
5.951017379760742
5.242942810058594
5.914355278015137
4.871793746948242
4.871793746948242
5.940235137939453
5.622870922088623
4.759742736816406
5.941686630249023
5.657217502593994
5.279899597167969
5.53609561920166
5.216834545135498
5.216834545135498
4.661996841430664
3.7910537719726562
4.200283050537109
4.607167720794678
2.148216962814331
4.773543357849121
3.347283124923706
4.278421401977539
4.278421401977539
3.7580394744873047
4.07399320602417
3.6137030124664307
3.4291839599609375
3.608980655670166
3.5545825958251953
4.2451677322387695
5.953481674194336
5.953481674194336
-0.4851049482822418
1.5678496360778809
4.757388591766357
5.957658290863037
-0.37219029664993286
1.5553412437438965
5.030700206756592
5.925200462341309
5.925200462341309
-0.3500424027442932
1.5371532440185547
4.67417049407959
5.885414123535156
6.079550743103027
-0.2290840744972229
1.5210732221603394
5.701623916625977
5.701623916625977
5.325126647949219
5.797487258911133
5.411599636077881
4.744673728942871
4.789205074310303
4.785308837890625
5.826943397521973
5.368969917297363
5.368969917297363
4.75233793258667
4.786849498748779
4.784670829772949
4.794552803039551
4.785145282745361
4.7882843017578125
4.788978576660156
4.789071559906006
4.789071559906006
4.787734031677246
4.785640716552734
4.783628463745117
4.7838239669799805
5.8167314529418945
5.3075056076049805
4.752409934997559
4.784031391143799
4.784031391143799
4.789432525634766
4.791619300842285
4.784456729888916
4.788224220275879
4.785974979400635
5.778125762939453
5.775956153869629
-0.25214916467666626
-0.25214916467666626
1.5316188335418701
5.6237311363220215
5.520444869995117
4.789294719696045
4.832482814788818
5.93424654006958
5.100788593292236
-0.27406883239746094
-0.27406883239746094
1.487522006034851
5.652909278869629
5.3414764404296875
5.635262489318848
4.794225692749023
4.833573341369629
5.971416473388672
5.880412578582764
5.880412578582764
-0.19525867700576782
1.1542212963104248
4.685823917388916
4.826358795166016
5.10158109664917
-0.1574837863445282
1.1533238887786865
4.692202568054199
4.692202568054199
4.831567764282227
4.840345859527588
5.092642784118652
-0.23251298069953918
1.1555192470550537
4.689650535583496
4.829612731933594
5.085821151733398
5.085821151733398
-0.2388463318347931
5.666439056396484
-0.15764839947223663
1.56259286403656
4.6868085861206055
4.836428642272949
5.087505340576172
-0.22753718495368958
-0.22753718495368958
5.819286346435547
-0.18195468187332153
1.4935643672943115
5.043989181518555
5.898868560791016
5.055039405822754
-0.21868038177490234
5.953700542449951
5.953700542449951
-0.2212236076593399
1.5383487939834595
5.465200901031494
5.492598533630371
4.795019626617432
4.831400394439697
4.856064796447754
4.820415496826172
4.820415496826172
4.831636428833008
4.8345842361450195
4.834646224975586
4.834751605987549
4.831423759460449
4.856733322143555
4.84438943862915
4.8194169998168945
4.8194169998168945
-0.39529508352279663
1.5669922828674316
6.057599067687988
-0.23198212683200836
1.5413793325424194
5.66727876663208
5.6407060623168945
-0.4660215377807617
-0.4660215377807617
1.5614327192306519
5.710853576660156
5.696363925933838
5.685400485992432
5.609470367431641
5.708292007446289
5.604298114776611
4.7514543533325195
4.7514543533325195
5.869405269622803
4.926602363586426
5.887078285217285
4.814435005187988
5.246086120605469
4.761279106140137
5.933402061462402
5.841360092163086
5.841360092163086
5.753765106201172
5.659573078155518
5.708564281463623
5.649176597595215
5.647855281829834
5.618544578552246
5.507389068603516
4.7780046463012695
4.7780046463012695
4.783299922943115
4.787956237792969
5.845131874084473
5.830082893371582
5.7537384033203125
5.676140785217285
5.713073253631592
5.786531925201416
5.786531925201416
5.754204750061035
5.692478179931641
5.664332866668701
5.579558372497559
5.2825927734375
4.771507263183594
4.789482116699219
5.822700500488281
5.822700500488281
5.83741569519043
5.744527816772461
5.697365760803223
5.655287742614746
5.661049842834473
5.637083053588867
5.5310468673706055
4.752284049987793
4.752284049987793
4.79264497756958
5.863940238952637
4.746899604797363
4.3574934005737305
5.66164493560791
5.778048992156982
5.703049182891846
5.656271934509277
5.656271934509277
5.606435775756836
5.608719825744629
5.524542808532715
5.6023101806640625
5.356721878051758
5.036350727081299
6.125202655792236
-5.76962423324585
-5.76962423324585
-7.463986396789551
-5.378788948059082
-7.195160865783691
-5.628139495849609
-8.92973518371582
-4.9995903968811035
-7.182252883911133
-5.6489362716674805
-5.6489362716674805
-9.04394245147705
-3.944267749786377
-7.031830787658691
-8.922029495239258
-8.395999908447266
-5.56354284286499
-7.167026519775391
-5.634020805358887
-5.634020805358887
-9.042093276977539
-4.774966239929199
-8.973060607910156
-7.081348419189453
-7.147125244140625
-8.988422393798828
-5.497223854064941
-8.89065170288086
-8.89065170288086
-7.182340621948242
-7.143481254577637
-7.150293350219727
-7.15345573425293
-7.152065753936768
-7.149100303649902
-7.152439117431641
-7.151963233947754
-7.151963233947754
-7.153642654418945
-7.152130603790283
-7.151586532592773
-7.149677276611328
-7.151405334472656
-7.149374961853027
-7.192047595977783
-7.129496097564697
-7.129496097564697
-7.154302597045898
-7.150606155395508
-6.179201126098633
-5.270153999328613
-3.76914119720459
-2.0250792503356934
0.2936803102493286
-3.059805154800415
-3.059805154800415
-0.2894223630428314
-5.992949485778809
-5.5156707763671875
-7.235805988311768
-6.99793004989624
-4.006430625915527
-7.050154209136963
-7.154314041137695
-7.154314041137695
-7.263608932495117
-1.629941463470459
-5.739414691925049
-1.0255941152572632
-4.988097667694092
-0.8430326581001282
-4.580865383148193
-0.6239227652549744
-0.6239227652549744
-4.429011344909668
-0.7302156686782837
-4.757017612457275
-0.914513111114502
-5.246267795562744
-1.149367094039917
-5.936779975891113
-3.5812573432922363
-3.5812573432922363
-6.125913143157959
-1.5199193954467773
-6.216581344604492
-1.2492809295654297
-5.362420082092285
-0.9264200925827026
-5.015743255615234
-0.8544543981552124
-0.8544543981552124
-5.1119384765625
-0.9840051531791687
-5.486345291137695
-1.2430788278579712
-5.69024658203125
-1.2039445638656616
-5.705742359161377
-1.2361857891082764
-1.2361857891082764
-5.905850410461426
-1.2488394975662231
-5.577927589416504
-1.1316678524017334
-5.536419868469238
-1.156428575515747
-5.704367637634277
-1.1599061489105225
-1.1599061489105225
-5.463412284851074
-1.1110479831695557
-5.484208106994629
-1.1492204666137695
-5.7233781814575195
-1.275844693183899
-6.195905685424805
-1.4123499393463135
-1.4123499393463135
-5.926093101501465
-1.3128151893615723
-5.914763450622559
-1.280525803565979
-5.149226665496826
-5.58629035949707
-5.552326202392578
-5.5851240158081055
-5.5851240158081055
-5.596370697021484
-5.6769609451293945
-5.743283271789551
-5.843998908996582
-5.916926383972168
-6.0230488777160645
-6.022160530090332
-5.938720226287842
-5.938720226287842
-5.927648544311523
-5.89456033706665
-5.927263259887695
-5.9275383949279785
-5.947696685791016
-5.958333969116211
-5.917161464691162
-5.89630651473999
-5.89630651473999
-5.9256978034973145
-5.96728515625
-5.958898544311523
-6.045291900634766
-5.889645576477051
-5.991013526916504
-6.008734703063965
-5.998175621032715
-5.998175621032715
-6.020568370819092
-7.3413896560668945
-8.873298645019531
-8.452424049377441
-8.955259323120117
-8.47881031036377
-8.808558464050293
-7.376821517944336
-7.376821517944336
-7.174144268035889
-7.166339874267578
-7.165603160858154
-7.168276309967041
-7.169796943664551
-7.170022487640381
-7.16597318649292
-7.170368194580078
-7.170368194580078
-7.165966987609863
-7.1711320877075195
-7.1693010330200195
-7.169028282165527
-7.167362213134766
-7.170547962188721
-7.170026779174805
-8.567741394042969
-8.567741394042969
-8.75446891784668
-6.594870567321777
-7.823326110839844
-6.897706985473633
-3.826632499694824
-2.1643753051757812
-1.3671531677246094
-1.8243335485458374
-1.8243335485458374
-3.8340606689453125
-1.5685439109802246
-2.1688308715820312
-1.4245415925979614
-1.7635743618011475
-1.9638442993164062
-1.4657485485076904
-1.832108497619629
-1.832108497619629
-1.8965767621994019
-1.8960996866226196
-1.8975510597229004
-1.8965049982070923
-1.8912653923034668
-1.891867995262146
-1.89706289768219
-1.8949551582336426
-1.8949551582336426
-1.897599697113037
-1.898146152496338
-1.8994272947311401
-1.9068537950515747
-1.8801686763763428
-1.8953559398651123
-1.8964515924453735
-1.891503095626831
-1.891503095626831
-1.8935465812683105
-1.8869051933288574
-1.8921623229980469
-1.8965165615081787
-1.8909904956817627
-1.8970439434051514
-1.8932673931121826
-1.8946973085403442
-1.8946973085403442
-1.8974665403366089
-1.8958730697631836
-1.8916221857070923
-1.8980299234390259
-1.8924461603164673
-1.889176368713379
-1.8925440311431885
-1.8903120756149292
-1.8903120756149292
-1.8961364030838013
-1.8959511518478394
-1.884331226348877
-1.8888424634933472
-1.8913192749023438
-1.892731785774231
-1.8894894123077393
-1.888266682624817
-1.888266682624817
-1.893667459487915
-1.8945119380950928
-1.8879963159561157
-2.4775915145874023
-2.108330249786377
-1.8837698698043823
-1.9004857540130615
-2.478182315826416
-2.478182315826416
-2.139138698577881
-1.8821802139282227
-1.8978570699691772
-1.893033504486084
-2.4740138053894043
-2.1026833057403564
-1.8785432577133179
-1.892101764678955
-1.892101764678955
-1.894724726676941
-1.897329330444336
-1.889129400253296
-1.8897792100906372
-1.8923826217651367
-1.8954997062683105
-1.8911535739898682
-1.8982081413269043
-1.8982081413269043
-1.8929754495620728
-2.47171950340271
-2.0981805324554443
-1.8831063508987427
-1.8936761617660522
-2.490462064743042
-1.8549180030822754
-1.8911998271942139
-1.8911998271942139
-1.8894140720367432
-1.891420602798462
-1.8881213665008545
-1.8920164108276367
-1.8956990242004395
-1.8909833431243896
-1.890284538269043
-1.8841211795806885
-1.8841211795806885
-1.8907172679901123
-1.8933433294296265
-1.8896396160125732
-1.889949083328247
-1.8996129035949707
-1.8926491737365723
-1.8896000385284424
-1.891947865486145
-1.891947865486145
-1.893718957901001
-1.891488790512085
-1.9094167947769165
-1.8825855255126953
-1.8984278440475464
-1.8854312896728516
-1.8933011293411255
-1.8913283348083496
-1.8913283348083496
-1.8938068151474
-2.486809492111206
-1.8481800556182861
-2.4890589714050293
-2.1315789222717285
-1.8796722888946533
-1.8957645893096924
-1.8888039588928223
-1.8888039588928223
-1.889252781867981
-1.9003772735595703
-1.8942954540252686
-1.8910332918167114
-1.8916714191436768
-1.8953218460083008
-1.8927290439605713
-1.8972890377044678
-1.8972890377044678
-1.894704818725586
-1.8909845352172852
-1.8929798603057861
-1.8950920104980469
-1.9011008739471436
