-12.786706924438477
-12.786706924438477
-11.475343704223633
-12.575248718261719
-12.694772720336914
-12.7379789352417
-12.533483505249023
-12.58991813659668
-12.771699905395508
-12.742704391479492
-12.742704391479492
-12.747326850891113
-12.767659187316895
-12.755456924438477
-12.697248458862305
-12.202583312988281
-12.019947052001953
-11.849769592285156
-11.855851173400879
-11.855851173400879
-11.705370903015137
-12.116979598999023
-12.312725067138672
-12.721918106079102
-12.727814674377441
-12.492790222167969
-12.501352310180664
-10.544320106506348
-10.544320106506348
-12.672122955322266
-12.632326126098633
-12.298479080200195
-12.32282829284668
-12.361013412475586
-12.442325592041016
-12.457300186157227
-12.368526458740234
-12.368526458740234
-12.510229110717773
-12.471151351928711
-12.399860382080078
-12.315462112426758
-12.419389724731445
-12.403106689453125
-12.438068389892578
-12.516336441040039
-12.516336441040039
-12.414148330688477
-12.389961242675781
-12.335245132446289
-12.365854263305664
-12.271867752075195
-12.334396362304688
-12.319896697998047
-12.246015548706055
-12.246015548706055
-12.301534652709961
-12.37438678741455
-12.266542434692383
-12.260631561279297
-12.400894165039062
-12.26854133605957
-12.591888427734375
-11.42955207824707
-11.42955207824707
-12.295286178588867
-12.243576049804688
-12.192934036254883
-12.17869758605957
-12.56410026550293
-12.137731552124023
-12.536054611206055
-12.205028533935547
-12.205028533935547
-10.220169067382812
-12.228742599487305
-12.4573974609375
-12.109025955200195
-12.128556251525879
-12.123575210571289
-12.10948371887207
-12.108963012695312
-12.108963012695312
-12.099853515625
-12.083477973937988
-12.077556610107422
-12.06666088104248
-12.066601753234863
-12.056497573852539
-12.051300048828125
-12.041769027709961
-12.041769027709961
-11.987833023071289
-11.97586441040039
-11.973114013671875
-11.967400550842285
-11.959121704101562
-11.953235626220703
-11.954570770263672
-11.939765930175781
-11.939765930175781
-11.967296600341797
-11.961674690246582
-11.953782081604004
-11.948625564575195
-11.948019027709961
-11.939268112182617
-11.936647415161133
-11.927410125732422
-11.927410125732422
-11.928754806518555
-11.924476623535156
-11.890230178833008
-11.893264770507812
-11.892633438110352
-11.881216049194336
-11.877681732177734
-11.875521659851074
-11.875521659851074
-11.866670608520508
-11.868152618408203
-11.860953330993652
-11.865915298461914
-11.851487159729004
-11.84343433380127
-11.848196029663086
-11.875991821289062
-11.875991821289062
-11.867167472839355
-11.862752914428711
-11.863296508789062
-11.864866256713867
-11.856843948364258
-11.849343299865723
-11.901510238647461
-12.034530639648438
-12.034530639648438
-11.832242965698242
-11.844290733337402
-11.840168952941895
-11.835577011108398
-11.831192016601562
-11.836591720581055
-11.831809997558594
-11.828351974487305
-11.828351974487305
-11.828006744384766
-11.804996490478516
-11.801326751708984
-11.79704475402832
-11.795112609863281
-11.792465209960938
-11.79057502746582
-11.788240432739258
-11.788240432739258
-11.789363861083984
-11.790063858032227
-11.787561416625977
-12.738534927368164
-11.440324783325195
-11.793500900268555
-11.77660846710205
-11.778791427612305
-11.778791427612305
-11.778881072998047
-11.772899627685547
-11.770413398742676
-11.774768829345703
-11.766921997070312
-11.761499404907227
-11.763532638549805
-11.759645462036133
-11.759645462036133
-11.764365196228027
-11.757122039794922
-11.763879776000977
-11.759554862976074
-11.761308670043945
-11.753748893737793
-11.761947631835938
-11.754911422729492
-11.754911422729492
-11.755447387695312
-11.755807876586914
-11.75433349609375
-11.762993812561035
-11.760787963867188
-11.750850677490234
-11.753602981567383
-11.753744125366211
-11.753744125366211
-11.756941795349121
-11.752581596374512
-11.74934196472168
-11.746160507202148
-11.751163482666016
-11.738082885742188
-11.753738403320312
-11.749521255493164
-11.749521255493164
-11.745030403137207
-11.747466087341309
-11.742746353149414
-11.746953964233398
-11.73830795288086
-11.74195671081543
-11.740629196166992
-11.73998737335205
-11.73998737335205
-11.737833023071289
-9.245137214660645
-5.915726184844971
-1.4105720520019531
-5.298677921295166
-8.263821601867676
-8.617304801940918
-8.620787620544434
-8.620787620544434
-7.76518440246582
-7.392036437988281
-7.452589988708496
-7.661135196685791
-7.572414398193359
-7.573624610900879
-7.398468494415283
-7.670278072357178
-7.670278072357178
-0.2967613935470581
-11.235372543334961
-11.010390281677246
-11.018783569335938
-11.017009735107422
-11.020000457763672
-11.02652645111084
-11.07838249206543
-11.07838249206543
-11.052326202392578
-11.081657409667969
-11.076189041137695
-11.094670295715332
-7.381669044494629
-8.823832511901855
-13.122142791748047
-13.194735527038574
-13.194735527038574
-12.047178268432617
-11.492768287658691
-11.544031143188477
-11.397649765014648
-11.589752197265625
-11.596611976623535
-11.624117851257324
-11.667509078979492
-11.667509078979492
-11.495981216430664
-13.336990356445312
-3.06514310836792
-3.7789740562438965
-3.814608573913574
-4.439563751220703
-4.44687557220459
-3.8879549503326416
-3.8879549503326416
-3.8374695777893066
-3.8674721717834473
-3.8810019493103027
-3.900648593902588
-4.243790626525879
-3.8631439208984375
-4.13515567779541
-3.811966896057129
-3.811966896057129
-3.6684560775756836
-3.5755116939544678
-3.7929482460021973
-2.7469940185546875
-3.797145366668701
-3.505622386932373
-4.104955196380615
-4.2668561935424805
-4.2668561935424805
-5.192025184631348
-4.2934980392456055
-5.257583141326904
-3.864943265914917
-3.8422720432281494
-3.7997336387634277
-3.898327112197876
-4.275943756103516
-4.275943756103516
-4.97404670715332
-3.8093080520629883
-3.8813600540161133
-3.858225107192993
-3.925736904144287
-4.055060386657715
-3.861182689666748
-4.12143087387085
-4.12143087387085
-5.3624796867370605
-4.458111763000488
-4.087708473205566
-4.599263668060303
-4.9441375732421875
-4.656036376953125
-5.83717679977417
-5.538932800292969
-5.538932800292969
-4.680760860443115
-5.719175338745117
-5.352542877197266
-4.685930252075195
-5.785065650939941
-4.364320278167725
-4.255256652832031
-4.079879283905029
-4.079879283905029
-3.7053637504577637
-4.527215957641602
-4.542946815490723
-4.756289482116699
-3.8596293926239014
-3.8453779220581055
-3.8500494956970215
-3.8331284523010254
-3.8331284523010254
-3.8493330478668213
-3.847989082336426
-3.8584885597229004
-3.863473415374756
-3.8590316772460938
-3.8383827209472656
-3.799682378768921
-3.5245604515075684
-3.5245604515075684
-3.1327929496765137
-3.705192804336548
-3.7427682876586914
1.2716877460479736
-4.446896553039551
1.145414113998413
-5.002448558807373
-4.694277763366699
-4.694277763366699
-5.195956707000732
1.2750275135040283
-3.659128189086914
-3.8568410873413086
0.052477091550827026
-5.026181221008301
-4.678114891052246
-4.3503618240356445
-4.3503618240356445
1.531179666519165
-4.371387481689453
-3.7331013679504395
1.7341229915618896
-3.870468854904175
-3.467660427093506
-0.04178188368678093
-5.255416393280029
-5.255416393280029
-0.27298444509506226
-5.321417808532715
-0.2668032944202423
-5.23165225982666
-0.26982587575912476
-5.2551374435424805
-0.2804151177406311
-5.336444854736328
-5.336444854736328
1.4084734916687012
-4.583565711975098
0.09768904000520706
-4.556692123413086
0.5266311764717102
-4.498036861419678
1.5691325664520264
-3.798246383666992
-3.798246383666992
1.8566904067993164
-3.6252923011779785
1.7170782089233398
-4.8910813331604
-0.20102594792842865
-5.33225154876709
-0.15773314237594604
-4.010030269622803
-4.010030269622803
-3.7985002994537354
-0.0856742188334465
-5.2194504737854
-5.089250564575195
-3.8214492797851562
1.351207971572876
1.4833505153656006
-4.714630126953125
-4.714630126953125
-3.155787229537964
-2.757500648498535
-3.5402724742889404
0.3081316351890564
-4.779173851013184
-5.274019241333008
-5.38985013961792
-6.193789482116699
-6.193789482116699
-6.296060562133789
-5.411435127258301
-5.666094779968262
-5.260775566101074
-4.503075122833252
-5.251831531524658
-4.254402160644531
-5.298238754272461
-5.298238754272461
-4.386514186859131
-5.014461994171143
-5.3530778884887695
-4.356502532958984
-4.737020015716553
-5.025359630584717
-4.432211875915527
-4.680221080780029
-4.680221080780029
-5.208191871643066
-5.112747669219971
-4.988809108734131
-4.968160629272461
-4.89268684387207
-6.199615955352783
-5.323269844055176
-5.29397439956665
-5.29397439956665
-4.946581840515137
-5.497356414794922
-5.418997764587402
-5.1834917068481445
-4.985258102416992
-4.766902923583984
-5.178804397583008
-5.384670734405518
-5.384670734405518
-5.588532447814941
-5.425443649291992
-5.055420875549316
-4.994986534118652
-5.401843070983887
-4.985054969787598
-5.2676005363464355
-5.001880645751953
-5.001880645751953
-4.268624305725098
-5.140873908996582
-4.88322639465332
-5.218618392944336
-4.582282066345215
-4.762643337249756
-4.265542984008789
-4.946948528289795
-4.946948528289795
-4.630701541900635
-4.974337577819824
-5.045849800109863
-4.622703552246094
-4.788315296173096
-4.47990083694458
-4.7451090812683105
-4.204468727111816
-4.204468727111816
-4.92890739440918
-4.6661810874938965
-5.19917631149292
-4.62987756729126
-4.458311080932617
-3.796841859817505
-4.533749580383301
-4.058838844299316
-4.058838844299316
-4.242687702178955
-4.196222305297852
-4.930507659912109
0.8515268564224243
-5.056768417358398
-4.777360439300537
-4.8258748054504395
-4.8298773765563965
-4.8298773765563965
-4.827315330505371
-4.831750392913818
-4.81496524810791
-4.046253681182861
-3.980430841445923
-4.10657262802124
-4.5652031898498535
-4.929464340209961
-4.929464340209961
-4.837466239929199
-4.841469764709473
-4.841787338256836
-4.844056129455566
-4.846478462219238
-4.570720672607422
-4.1615753173828125
-3.672379493713379
-3.672379493713379
-3.9810545444488525
-4.119213104248047
-4.366019248962402
-4.302789688110352
-4.0741190910339355
-5.010441780090332
-4.84322452545166
-4.846809387207031
-4.846809387207031
-4.8446855545043945
-4.847485065460205
-4.850272178649902
-5.159799575805664
-0.05961538106203079
-5.141343116760254
-0.07229745388031006
-5.040358066558838
-5.040358066558838
-0.09161162376403809
-5.108165740966797
-0.05828654021024704
-5.033077239990234
-4.536684989929199
0.0018567098304629326
-5.046672344207764
-5.057858467102051
-5.057858467102051
-5.045246124267578
-0.07818710803985596
0.014248689636588097
0.0025717089883983135
-5.135895252227783
-5.177648544311523
-5.151391983032227
-4.509964466094971
-4.509964466094971
-6.117555618286133
-4.941984176635742
-11.598705291748047
-4.856056213378906
-10.444557189941406
-4.905035972595215
-10.461504936218262
-4.844174385070801
-4.844174385070801
-10.75640869140625
-4.655850410461426
-8.28499984741211
-10.30758285522461
-6.909139633178711
-5.404651165008545
-4.720098495483398
-5.00343132019043
-5.00343132019043
-4.845338821411133
-4.63328742980957
-5.994473457336426
-4.927937984466553
-4.81906795501709
-4.810537338256836
-4.814374923706055
-4.81619930267334
-4.81619930267334
-4.849842548370361
-4.850223541259766
-4.8450822830200195
-4.843326568603516
-4.8469696044921875
-4.841338634490967
-4.8419599533081055
-4.851540565490723
-4.851540565490723
-4.847324371337891
-4.838806629180908
-4.836878776550293
-4.839183330535889
-4.8400559425354
-4.989776134490967
-10.449573516845703
-4.900517463684082
-4.900517463684082
-11.580232620239258
-5.681147575378418
-11.595619201660156
-6.058130264282227
-10.430343627929688
-4.510204315185547
-9.363612174987793
-4.669602394104004
-4.669602394104004
-4.8169779777526855
-9.04522705078125
-4.00317907333374
-3.893249273300171
-10.763936996459961
-4.172950267791748
-3.641191005706787
-4.760614395141602
-4.760614395141602
-4.388197898864746
-4.36519718170166
-4.2751641273498535
-4.1901068687438965
-4.2406816482543945
-4.152623176574707
-4.985522270202637
1.4711189270019531
1.4711189270019531
-4.076991081237793
-4.18518590927124
2.137423038482666
-4.6940765380859375
-4.836362838745117
-4.061785697937012
1.5962046384811401
-4.732115745544434
-4.732115745544434
-4.875604152679443
-4.880217552185059
-4.882596969604492
-4.885465621948242
-4.875340461730957
-4.884136199951172
-4.882925987243652
-4.538924217224121
-4.538924217224121
-4.408937931060791
-2.9838595390319824
-4.918374061584473
-5.281335830688477
-5.050167083740234
-4.8409528732299805
-4.861504554748535
-4.85919189453125
-4.85919189453125
-4.854596138000488
-4.850373268127441
-4.847776412963867
-4.854119777679443
-4.86226224899292
-4.854588508605957
-5.138617038726807
-0.05907054990530014
-0.05907054990530014
-5.115810871124268
-0.06135944277048111
-5.090715408325195
-0.05444074794650078
-5.075055122375488
-0.057149648666381836
-5.010852813720703
-0.04474550858139992
-0.04474550858139992
-4.996827602386475
-4.9654130935668945
-0.05312343314290047
-5.001698970794678
-4.9572906494140625
-4.957172870635986
-5.395780563354492
-0.07129308581352234
-0.07129308581352234
0.06845490634441376
-5.146230697631836
-4.842986106872559
-4.838278293609619
-4.795329570770264
-4.904231071472168
-11.614845275878906
-5.6959919929504395
-5.6959919929504395
-11.465463638305664
-4.987247943878174
-10.494864463806152
-5.000149726867676
-4.723814010620117
-5.056962013244629
-9.980466842651367
-11.546195030212402
-11.546195030212402
-13.303777694702148
-10.255136489868164
-12.012136459350586
-12.128440856933594
-10.950052261352539
-10.002779006958008
-10.230611801147461
-5.617542266845703
-5.617542266845703
-3.1374330520629883
-3.258270502090454
-0.7597774267196655
-3.451366424560547
-1.3399794101715088
-7.621482849121094
-1.2995290756225586
-3.1507043838500977
-3.1507043838500977
-4.311760425567627
-8.971818923950195
-1.3145971298217773
-3.2544467449188232
-3.2464494705200195
-1.4786803722381592
-3.1935458183288574
-3.2535972595214844
-3.2535972595214844
-0.8804693222045898
-8.91834831237793
-1.3713264465332031
-3.245124578475952
-3.286072254180908
-0.4904038906097412
-10.205893516540527
-3.524529457092285
-3.524529457092285
-3.2699737548828125
-0.34445828199386597
-3.4722824096679688
-3.5918803215026855
-9.480417251586914
-3.624056100845337
-3.570568084716797
-3.4776926040649414
-3.4776926040649414
-3.6524643898010254
-3.4602558612823486
-3.612287998199463
-3.631214141845703
-3.2671256065368652
-3.308704376220703
-3.6754631996154785
-3.5662198066711426
-3.5662198066711426
-3.495720386505127
-3.6573543548583984
-3.503261089324951
-3.6047306060791016
-3.637138843536377
-3.3276431560516357
2.477630138397217
-3.5961341857910156
-3.5961341857910156
-3.6072471141815186
-3.34065318107605
-3.3426876068115234
-3.370316743850708
-3.3727293014526367
-3.377847909927368
-3.3775978088378906
-3.370079517364502
-3.370079517364502
-3.3776726722717285
-3.3813376426696777
-3.3758206367492676
-3.3783061504364014
-3.3798694610595703
-3.3792974948883057
-3.3814375400543213
-3.3784427642822266
-3.3784427642822266
-3.377753257751465
-3.3772313594818115
-3.3829216957092285
-3.378544807434082
-3.3768508434295654
-3.379837989807129
-3.382558584213257
-3.3883109092712402
-3.3883109092712402
-3.3837690353393555
-3.5838327407836914
2.399132251739502
-3.5439000129699707
-3.3680596351623535
2.4497499465942383
-3.592334270477295
-3.4866628646850586
-3.4866628646850586
2.4540441036224365
-3.5753843784332275
2.6343626976013184
-3.5628693103790283
-3.298274040222168
-3.759596347808838
-3.6131606101989746
-3.407742977142334
-3.407742977142334
-1.094085931777954
-0.5714432597160339
-3.5046920776367188
-3.725229024887085
-3.698582410812378
-3.698371648788452
-0.5785291194915771
-3.5094637870788574
-3.5094637870788574
-0.6123415231704712
-10.204245567321777
-0.6132501363754272
-3.5454349517822266
-0.631954550743103
-10.213302612304688
-0.6898542642593384
-10.224527359008789
-10.224527359008789
-0.7029485702514648
-3.5625147819519043
-3.348811626434326
-0.7608214020729065
-3.2209248542785645
-3.379384994506836
-3.5356712341308594
-4.344595909118652
-4.344595909118652
-4.6728668212890625
-4.489246368408203
-4.661175727844238
-3.983680009841919
-3.9004650115966797
-3.3706068992614746
-3.037391424179077
-3.4905433654785156
-3.4905433654785156
-3.6978654861450195
-3.693826675415039
-3.1650259494781494
-3.921802043914795
-3.927535057067871
-3.8006227016448975
-3.555410146713257
-3.2515830993652344
-3.2515830993652344
-3.4130825996398926
-1.2866019010543823
-3.1572442054748535
-3.0194551944732666
-1.1995341777801514
-3.489135265350342
-1.2169957160949707
-3.1682910919189453
-3.1682910919189453
-0.960805356502533
-3.350015163421631
-0.9962403178215027
-3.2838945388793945
-8.16744613647461
-3.1497316360473633
-3.2884750366210938
-2.847285032272339
-2.847285032272339
-2.9640846252441406
-3.531771659851074
-3.476121425628662
-3.3596267700195312
-2.773505210876465
-2.760089874267578
-2.869162082672119
-3.535851001739502
-3.535851001739502
-2.7202706336975098
-3.5317842960357666
-2.688365936279297
-3.5190882682800293
3.1537814140319824
-3.2071468830108643
-3.413148880004883
-3.1846275329589844
-3.1846275329589844
2.753126621246338
-3.140164375305176
-3.297999858856201
-3.2956504821777344
-3.298086643218994
-3.3022093772888184
-3.2997875213623047
-3.6379852294921875
-3.6379852294921875
-2.976761817932129
-2.49225115776062
-2.178013801574707
-2.502326488494873
-3.4296209812164307
-3.349271297454834
-3.3322322368621826
-3.327444553375244
-3.327444553375244
-3.330101728439331
-3.3310546875
-2.441779851913452
-2.7992100715637207
-2.7764639854431152
-3.1464264392852783
-3.3021578788757324
-2.5370569229125977
-2.5370569229125977
-2.3642234802246094
-2.6755638122558594
-3.475062847137451
-3.3311610221862793
-3.3358421325683594
-3.334662675857544
-3.6823229789733887
2.4876503944396973
2.4876503944396973
-3.5850367546081543
2.441981554031372
-3.8238916397094727
2.0821683406829834
-3.4503512382507324
2.4155988693237305
-3.724903106689453
2.4431257247924805
2.4431257247924805
-3.442573070526123
-3.4604499340057373
2.4640159606933594
2.4495866298675537
2.466003894805908
-3.5270283222198486
-3.579216957092285
-3.5354623794555664
-3.5354623794555664
-3.5213913917541504
-0.3113892674446106
-0.814091682434082
-3.503399610519409
-0.3466683626174927
-0.7090033292770386
-3.163336753845215
-0.5003854036331177
-0.5003854036331177
-8.74002742767334
-0.6479293704032898
-8.75625228881836
-0.6979205012321472
-8.755127906799316
-0.7449562549591064
-3.3177247047424316
-4.206655502319336
-4.206655502319336
-7.566139221191406
-11.340433120727539
-12.478267669677734
-10.28085994720459
-5.810330390930176
-8.918509483337402
-0.793793797492981
-3.4160618782043457
-3.4160618782043457
-3.2924017906188965
-0.7201220989227295
-3.163949966430664
-3.304213523864746
-3.309426784515381
-3.3034071922302246
-3.3026280403137207
-3.305968761444092
-3.305968761444092
-3.302280902862549
-3.307018518447876
-3.298708438873291
-3.3016533851623535
-0.7450385093688965
-8.776739120483398
-0.9122552871704102
-3.1423721313476562
-3.1423721313476562
-0.6846880912780762
-8.730100631713867
-0.6730189323425293
-8.719675064086914
-0.6070607900619507
-3.468010425567627
-0.911532998085022
-2.954183578491211
-2.954183578491211
-1.0630031824111938
-1.9099596738815308
-3.33982515335083
-3.3506124019622803
-0.6662864685058594
-2.721782684326172
-2.8073387145996094
-2.889420747756958
-2.889420747756958
-2.827681064605713
-3.3309342861175537
-2.8026931285858154
-3.501479148864746
-2.7209386825561523
-2.689176321029663
-3.4291930198669434
-2.5533487796783447
-2.5533487796783447
-2.611292600631714
-2.6895503997802734
-3.443264961242676
3.288832426071167
-2.5087461471557617
-2.432443380355835
3.7287416458129883
-3.1812491416931152
-3.1812491416931152
-3.3353912830352783
-3.637542247772217
2.2712550163269043
-3.0575358867645264
-3.289529323577881
-3.0176448822021484
-3.083991765975952
-2.702749490737915
-2.702749490737915
-2.298635959625244
-1.9585092067718506
-1.9265329837799072
-3.41969633102417
-3.302398204803467
-3.302783966064453
-3.304739236831665
-3.305586338043213
-3.305586338043213
-3.306687355041504
-3.3066225051879883
-3.3093528747558594
-3.306087017059326
-3.3087010383605957
-3.3089957237243652
-3.310647964477539
-3.546215057373047
-3.546215057373047
2.225156307220459
-3.5313100814819336
2.389042854309082
-3.7661890983581543
2.450479507446289
-3.4978432655334473
2.229434013366699
-3.5029354095458984
-3.5029354095458984
2.4281959533691406
-3.7816720008850098
2.397228717803955
-3.727431297302246
-3.465118169784546
-3.4244842529296875
2.4269449710845947
2.290713310241699
2.290713310241699
2.274829864501953
2.280834197998047
2.5831241607666016
-3.559244394302368
-3.6439425945281982
-3.64945125579834
-3.6503944396972656
-3.644143581390381
-3.644143581390381
-0.8436443209648132
-9.913396835327148
-0.9513903856277466
-10.099380493164062
-0.6235390901565552
-8.768655776977539
-0.6621640920639038
-3.1653308868408203
-3.1653308868408203
-0.7218577861785889
-3.1640586853027344
-4.897611618041992
-11.417198181152344
-9.976555824279785
-9.570879936218262
-8.960832595825195
-6.154129981994629
-6.154129981994629
-8.587539672851562
-6.161192893981934
-7.879760265350342
-4.51718807220459
-8.493953704833984
-3.373983860015869
-8.902169227600098
-1.8361233472824097
-1.8361233472824097
-3.2546017169952393
-3.438754081726074
-3.305696487426758
-3.301867961883545
-3.300084352493286
-0.6962360739707947
-10.161328315734863
-3.522494077682495
-3.522494077682495
-3.1944093704223633
-0.6105379462242126
-10.063897132873535
-3.4766528606414795
-3.1899685859680176
-0.5991688966751099
-10.142972946166992
-3.5331711769104004
-3.5331711769104004
-3.2707409858703613
-0.4565098285675049
-9.705971717834473
-3.571535587310791
-3.281251907348633
-10.510388374328613
-10.404914855957031
-3.5365376472473145
-3.5365376472473145
-3.4181442260742188
-3.570188283920288
-3.62973690032959
-3.2633590698242188
-3.2844390869140625
-3.6699461936950684
-3.5648434162139893
-3.3133506774902344
-3.3133506774902344
-3.6766200065612793
-3.566357135772705
-3.4627041816711426
-3.6524875164031982
-3.527399778366089
-3.299215793609619
-3.6749556064605713
-3.5871639251708984
-3.5871639251708984
-3.0940098762512207
-3.647648334503174
-3.282365083694458
-3.2931246757507324
-3.3197479248046875
-3.611915111541748
-3.2853517532348633
-3.29933500289917
-3.29933500289917
-3.2998533248901367
-3.3018832206726074
-3.2998433113098145
-3.2916836738586426
-3.29996919631958
-3.301940441131592
-3.3008065223693848
-3.3037025928497314
-3.3037025928497314
-3.3025689125061035
-3.3078346252441406
-3.2962660789489746
-3.3149797916412354
-3.310093402862549
-3.3146820068359375
-3.3130555152893066
-3.3090028762817383
-3.3090028762817383
-3.310701608657837
-3.3135039806365967
-3.3153014183044434
-3.317345142364502
-3.311370372772217
-3.312800645828247
-3.3136708736419678
-3.3194169998168945
-3.3194169998168945
-3.5950095653533936
2.489124298095703
-3.487269163131714
-3.2491230964660645
2.468177080154419
-3.1909008026123047
2.535416603088379
-3.5549614429473877
-3.5549614429473877
-3.566875696182251
-3.203160285949707
-3.31121826171875
